160,7,7
-2.507585
0.371219
0.603271
-1.000048
-0.279247
1.584801
1.014414
-2.705813
0.307358
-0.040923
-1.590584
0.520782
2.739276
1.528028
-1.725097
0.417410
-2.831761
-4.828115
-2.167418
1.055637
0.716331
-0.760979
-1.336513
-1.522084
-2.609887
-1.720041
0.356823
-0.126713
-0.116832
-0.116832
-0.116832
-0.116832
-0.116832
-0.116832
-0.116832
-0.116832
-0.116832
-0.116832
-0.116832
-0.116832
-0.116832
-0.116832
-0.116832
-0.116832
-0.116832
-0.116832
-0.116832
-0.116832
-0.116832
1.578137
-0.575116
0.439244
1.818850
1.793160
0.230342
1.818272
1.073703
1.162232
-1.023786
0.775206
1.056263
-1.371362
0.380400
1.774665
1.780856
0.148717
1.879890
2.125463
-0.160846
0.650410
2.688821
0.874433
0.327098
0.987319
0.986608
-0.802123
0.692171
-0.415594
-0.415594
-0.415594
-0.415594
-0.415594
-0.415594
-0.415594
-0.415594
-0.415594
-0.415594
-0.415594
-0.415594
-0.415594
-0.415594
-0.415594
-0.415594
-0.415594
-0.415594
-0.415594
-0.415594
-0.415594
-1.968716
-0.128781
2.396733
-1.569677
-1.136731
0.957236
-1.070558
-1.178652
-0.419974
1.440833
-3.117907
-1.893407
0.749021
-0.550110
-1.149259
-1.090450
-0.920590
-1.985621
0.238605
-2.046912
-1.675875
0.049384
0.184771
-0.180648
-0.877656
0.939942
-1.071397
-1.684701
1.307436
1.307436
1.307436
1.307436
1.307436
1.307436
1.307436
1.307436
1.307436
1.307436
1.307436
1.307436
1.307436
1.307436
1.307436
1.307436
1.307436
1.307436
1.307436
1.307436
1.307436
2.342143
0.718823
0.569062
1.529500
1.083562
0.831828
0.570820
0.466890
0.302794
1.363318
2.519544
2.103821
1.164437
-0.241097
-0.823973
0.138483
0.633284
2.536134
1.917473
1.482811
-0.590566
-1.028919
1.751980
1.619172
2.545156
3.993835
3.305604
0.233815
-0.136681
-0.136681
-0.136681
-0.136681
-0.136681
-0.136681
-0.136681
-0.136681
-0.136681
-0.136681
-0.136681
-0.136681
-0.136681
-0.136681
-0.136681
-0.136681
-0.136681
-0.136681
-0.136681
-0.136681
-0.136681
-3.063756
-1.400916
-0.934867
-1.207788
-2.253464
-2.164074
-1.881855
-2.230084
-1.332620
1.043175
1.191630
0.773868
-1.697451
-1.622120
-1.112350
-0.950447
0.275131
0.212983
1.533207
0.043385
-2.224917
-0.320821
0.196924
0.414010
1.361334
1.003855
-0.118365
-1.646658
-0.769354
-0.769354
-0.769354
-0.769354
-0.769354
-0.769354
-0.769354
-0.769354
-0.769354
-0.769354
-0.769354
-0.769354
-0.769354
-0.769354
-0.769354
-0.769354
-0.769354
-0.769354
-0.769354
-0.769354
-0.769354
0.599275
-1.178193
-2.670186
-0.105336
-1.411015
-1.939041
-0.873644
0.474360
0.595407
-1.104362
2.907037
0.996830
-0.973390
-0.341773
1.097188
1.961200
1.588687
4.010938
3.881662
2.838336
0.168104
1.827243
3.811534
2.753372
4.313719
5.198090
3.549881
0.039104
-0.409930
-0.409930
-0.409930
-0.409930
-0.409930
-0.409930
-0.409930
-0.409930
-0.409930
-0.409930
-0.409930
-0.409930
-0.409930
-0.409930
-0.409930
-0.409930
-0.409930
-0.409930
-0.409930
-0.409930
-0.409930
1.665088
0.624946
0.047344
-0.659093
-0.165130
0.342056
0.789119
0.334976
1.846067
2.425767
0.263611
0.268381
1.531849
1.444434
-0.801505
3.100224
6.553690
4.963863
5.485754
3.199112
1.104612
-0.374975
0.329826
1.080264
1.527518
2.784188
0.896701
-0.086607
0.265761
0.265761
0.265761
0.265761
0.265761
0.265761
0.265761
0.265761
0.265761
0.265761
0.265761
0.265761
0.265761
0.265761
0.265761
0.265761
0.265761
0.265761
0.265761
0.265761
0.265761
1.633187
-0.911868
-1.958377
1.442113
0.376162
-1.593801
-0.857590
0.573236
1.147338
-0.934782
0.387891
-1.153760
-3.217864
-1.600609
-0.448436
-0.312482
-2.432543
-1.223281
-2.102052
-2.336125
0.147428
-0.465383
0.306481
-2.172794
-1.380888
-3.004230
-1.623188
-0.014252
-1.687175
-1.687175
-1.687175
-1.687175
-1.687175
-1.687175
-1.687175
-1.687175
-1.687175
-1.687175
-1.687175
-1.687175
-1.687175
-1.687175
-1.687175
-1.687175
-1.687175
-1.687175
-1.687175
-1.687175
-1.687175
-0.754849
0.883170
1.427376
-0.074343
-0.127085
0.541513
-0.611275
-1.030704
0.253038
1.199624
0.863932
1.352307
2.470478
0.110197
-0.704219
1.542270
1.294905
1.851655
2.145941
1.308934
-0.134221
-0.480283
2.058991
2.858038
0.656064
4.113389
2.734413
0.627294
-0.033957
-0.033957
-0.033957
-0.033957
-0.033957
-0.033957
-0.033957
-0.033957
-0.033957
-0.033957
-0.033957
-0.033957
-0.033957
-0.033957
-0.033957
-0.033957
-0.033957
-0.033957
-0.033957
-0.033957
-0.033957
-0.389236
-1.350537
-2.449608
-0.826837
-0.490727
-0.539216
-0.538038
2.275374
-1.570944
-6.092948
-3.406264
-3.035213
-1.403477
-0.426632
1.461284
0.025234
-0.447440
-0.972460
-0.964390
0.661880
-0.411316
0.957226
0.712813
0.478873
3.079044
1.291664
0.771157
-0.747526
-0.387766
-0.387766
-0.387766
-0.387766
-0.387766
-0.387766
-0.387766
-0.387766
-0.387766
-0.387766
-0.387766
-0.387766
-0.387766
-0.387766
-0.387766
-0.387766
-0.387766
-0.387766
-0.387766
-0.387766
-0.387766
0.850904
-0.213217
-1.673053
1.337120
0.807397
-1.693664
-0.050095
1.073834
1.210592
-0.111233
1.969049
1.265255
0.034149
-0.080510
0.837394
1.008195
-0.556912
-0.188834
0.746389
1.327055
0.287391
0.459910
-0.616300
-0.601448
-1.320080
-1.533155
-1.181547
-0.783357
1.972983
1.972983
1.972983
1.972983
1.972983
1.972983
1.972983
1.972983
1.972983
1.972983
1.972983
1.972983
1.972983
1.972983
1.972983
1.972983
1.972983
1.972983
1.972983
1.972983
1.972983
-0.360364
-0.928480
-1.670910
-0.672771
-0.488765
0.348753
0.218370
-1.558885
-0.851159
-1.565381
-0.586578
0.372962
-0.359877
-0.252177
-1.847771
-2.071654
-1.278114
-1.081488
0.613403
-1.462438
-0.874486
-1.577423
-2.489038
-2.653860
-2.928030
-1.488095
-1.696805
-0.604362
0.064414
0.064414
0.064414
0.064414
0.064414
0.064414
0.064414
0.064414
0.064414
0.064414
0.064414
0.064414
0.064414
0.064414
0.064414
0.064414
0.064414
0.064414
0.064414
0.064414
0.064414
-0.712006
-0.879674
-0.955810
-1.349945
-1.470463
-0.620113
-1.237875
-1.523368
-1.529253
0.871364
-0.438113
-0.183439
0.191663
-1.319862
0.159892
1.146151
1.739801
1.441444
1.473454
0.732134
-0.648509
-0.283745
-0.418072
-0.203751
-0.633248
2.814592
1.204099
-0.231364
-2.152655
-2.152655
-2.152655
-2.152655
-2.152655
-2.152655
-2.152655
-2.152655
-2.152655
-2.152655
-2.152655
-2.152655
-2.152655
-2.152655
-2.152655
-2.152655
-2.152655
-2.152655
-2.152655
-2.152655
-2.152655
0.665050
1.436258
1.432675
1.390207
1.388381
0.405300
0.228905
0.737215
1.170567
0.687234
-0.296028
1.174981
1.465534
1.183433
0.304444
0.255901
1.040380
0.501173
0.964420
0.931938
1.395346
0.004069
0.641532
1.059162
0.398282
-1.960877
-0.567839
0.654188
0.377290
0.377290
0.377290
0.377290
0.377290
0.377290
0.377290
0.377290
0.377290
0.377290
0.377290
0.377290
0.377290
0.377290
0.377290
0.377290
0.377290
0.377290
0.377290
0.377290
0.377290
-1.372873
0.988266
2.032711
-0.021524
0.204712
1.527247
0.165229
-1.302997
-1.206943
1.008930
-0.267298
-0.372293
-1.030051
-0.256075
-0.884832
-1.510684
-0.315766
-0.750625
-0.885686
-2.206209
0.206335
-0.464583
-2.050744
-1.146109
-2.354339
-0.536501
-1.141624
0.568084
-1.161351
-1.161351
-1.161351
-1.161351
-1.161351
-1.161351
-1.161351
-1.161351
-1.161351
-1.161351
-1.161351
-1.161351
-1.161351
-1.161351
-1.161351
-1.161351
-1.161351
-1.161351
-1.161351
-1.161351
-1.161351
2.689101
2.078713
0.188407
-0.666313
0.763223
0.616809
0.909757
3.439285
1.645777
-1.003906
0.132689
0.463586
-0.097624
1.631620
2.156899
1.787164
1.327635
1.298043
0.591046
-0.640009
1.092222
1.472126
0.097437
-0.893331
-1.651405
-1.861982
-3.330620
-0.372307
-2.344729
-2.344729
-2.344729
-2.344729
-2.344729
-2.344729
-2.344729
-2.344729
-2.344729
-2.344729
-2.344729
-2.344729
-2.344729
-2.344729
-2.344729
-2.344729
-2.344729
-2.344729
-2.344729
-2.344729
-2.344729
2.200685
2.003725
2.439500
0.534288
-0.236062
0.308949
0.956068
3.150479
0.430538
3.629271
1.659439
2.119304
3.009389
1.993851
2.078339
-0.002471
0.217503
3.147516
2.182398
1.875189
1.003433
0.569550
-0.203646
-0.045648
1.979172
-0.130405
0.182257
0.740424
-2.783127
-2.783127
-2.783127
-2.783127
-2.783127
-2.783127
-2.783127
-2.783127
-2.783127
-2.783127
-2.783127
-2.783127
-2.783127
-2.783127
-2.783127
-2.783127
-2.783127
-2.783127
-2.783127
-2.783127
-2.783127
-0.452766
-0.033768
-0.434657
0.034854
-0.065461
-1.322993
-0.962283
-0.987867
-0.312961
-0.075328
1.342759
0.340094
-1.578304
-0.849745
-0.332435
-1.242425
0.170603
0.058968
0.379575
-1.455404
-0.103811
-0.657387
-1.340125
-0.817620
-1.709709
-0.767435
-2.053679
0.186855
-1.063077
-1.063077
-1.063077
-1.063077
-1.063077
-1.063077
-1.063077
-1.063077
-1.063077
-1.063077
-1.063077
-1.063077
-1.063077
-1.063077
-1.063077
-1.063077
-1.063077
-1.063077
-1.063077
-1.063077
-1.063077
-1.004978
-2.047810
-0.596417
-2.397049
-3.256248
-1.372612
-2.567550
-0.033473
-0.774849
0.010604
-0.715191
-1.813973
-0.388187
-1.547135
-0.656282
0.028460
-1.283667
-5.071863
-3.472626
-1.160993
-1.024706
-0.523704
0.305428
-0.172863
-3.612670
-2.683195
1.374084
-0.510852
1.790755
1.790755
1.790755
1.790755
1.790755
1.790755
1.790755
1.790755
1.790755
1.790755
1.790755
1.790755
1.790755
1.790755
1.790755
1.790755
1.790755
1.790755
1.790755
1.790755
1.790755
0.751182
-0.581069
-1.762784
0.678219
0.303915
-0.926622
-0.308117
1.277761
-0.446006
-1.827402
0.684065
0.517129
-0.789797
-0.626109
0.902693
-0.166177
-1.306280
-1.306582
-0.242713
0.240621
0.541279
0.053668
-1.108292
-1.238091
-1.020627
0.352724
0.269515
0.409700
-0.125502
-0.125502
-0.125502
-0.125502
-0.125502
-0.125502
-0.125502
-0.125502
-0.125502
-0.125502
-0.125502
-0.125502
-0.125502
-0.125502
-0.125502
-0.125502
-0.125502
-0.125502
-0.125502
-0.125502
-0.125502
-1.127665
0.182264
1.780475
1.753345
2.338506
1.824358
0.477330
-2.172031
1.146652
3.064312
3.174992
2.371923
0.755311
-2.007708
-1.816847
1.535189
2.474751
1.113375
1.764312
2.894361
0.724755
-1.367908
0.689329
0.972764
0.410168
0.787228
0.765180
0.283062
-3.892864
-3.892864
-3.892864
-3.892864
-3.892864
-3.892864
-3.892864
-3.892864
-3.892864
-3.892864
-3.892864
-3.892864
-3.892864
-3.892864
-3.892864
-3.892864
-3.892864
-3.892864
-3.892864
-3.892864
-3.892864
-0.605254
0.036334
0.655846
-0.690500
0.299907
-1.719583
-1.349174
0.454240
2.368060
2.969015
-0.416204
0.127745
-0.527700
-0.355144
-0.917344
0.135524
1.417992
-0.004908
1.082309
0.819368
-0.188045
-0.727567
0.097695
1.476698
2.455883
1.071625
1.112017
-0.087377
1.777175
1.777175
1.777175
1.777175
1.777175
1.777175
1.777175
1.777175
1.777175
1.777175
1.777175
1.777175
1.777175
1.777175
1.777175
1.777175
1.777175
1.777175
1.777175
1.777175
1.777175
1.526731
-0.696887
-2.059133
-0.334753
-0.530720
-1.113510
-0.347050
2.000782
-0.800705
-1.724857
-1.181768
-0.102603
-1.528668
-0.394467
0.543111
-0.733904
-1.955252
-1.335229
-0.782132
-0.765198
-1.064910
0.218171
-1.921217
-1.509945
-0.730851
-2.845224
-0.419390
-1.015422
-2.116393
-2.116393
-2.116393
-2.116393
-2.116393
-2.116393
-2.116393
-2.116393
-2.116393
-2.116393
-2.116393
-2.116393
-2.116393
-2.116393
-2.116393
-2.116393
-2.116393
-2.116393
-2.116393
-2.116393
-2.116393
-0.944989
0.441091
-0.150887
-0.795215
-0.093821
-0.183731
-0.015060
-0.350203
0.141108
2.428857
1.268540
1.902639
-0.666164
-1.517911
-0.372063
1.268341
6.279280
2.647327
4.575158
1.968282
-1.416438
0.482443
0.645688
1.286928
-0.723545
0.712619
-0.462595
-0.279069
-0.706225
-0.706225
-0.706225
-0.706225
-0.706225
-0.706225
-0.706225
-0.706225
-0.706225
-0.706225
-0.706225
-0.706225
-0.706225
-0.706225
-0.706225
-0.706225
-0.706225
-0.706225
-0.706225
-0.706225
-0.706225
0.838510
-0.047638
0.448866
0.186446
0.832094
1.027978
1.519681
2.077610
1.245722
1.813423
1.500752
1.652096
4.193457
1.357697
1.434166
1.820547
0.276319
0.110017
-0.174979
0.062699
-0.544717
0.762727
2.782607
3.074379
1.389443
2.787236
1.261512
-0.970910
-0.460000
-0.460000
-0.460000
-0.460000
-0.460000
-0.460000
-0.460000
-0.460000
-0.460000
-0.460000
-0.460000
-0.460000
-0.460000
-0.460000
-0.460000
-0.460000
-0.460000
-0.460000
-0.460000
-0.460000
-0.460000
-1.594627
-0.355629
0.741048
-0.709706
-0.868170
2.426789
1.306807
-0.111979
3.222553
2.544954
3.110994
2.154029
4.154302
2.697438
1.463384
1.324656
-0.760514
0.491745
-0.046740
0.162890
0.510726
1.476570
1.081210
-1.129585
-0.962282
-1.792396
-0.178099
1.342986
-0.348660
-0.348660
-0.348660
-0.348660
-0.348660
-0.348660
-0.348660
-0.348660
-0.348660
-0.348660
-0.348660
-0.348660
-0.348660
-0.348660
-0.348660
-0.348660
-0.348660
-0.348660
-0.348660
-0.348660
-0.348660
0.333837
-0.120978
-1.900833
0.226055
-0.090350
-0.038926
1.164929
1.253973
0.891256
-1.393348
1.380561
0.420844
-2.203301
-0.173916
0.563024
1.409948
3.438252
3.495890
3.033555
2.405542
0.864389
0.197741
1.505189
0.934171
2.002050
3.050878
1.277197
0.951231
1.288151
1.288151
1.288151
1.288151
1.288151
1.288151
1.288151
1.288151
1.288151
1.288151
1.288151
1.288151
1.288151
1.288151
1.288151
1.288151
1.288151
1.288151
1.288151
1.288151
1.288151
-0.694787
0.365854
0.250094
1.848298
1.273092
0.123252
-1.148126
-0.374617
-0.572540
-1.219088
-1.387079
-1.590397
-1.227266
-0.482825
0.844464
-1.340104
-2.396457
-0.461704
-1.931477
-2.797139
-0.523565
1.042789
-1.177369
-0.708831
-1.127648
-2.684852
-3.213768
-0.795936
-1.120968
-1.120968
-1.120968
-1.120968
-1.120968
-1.120968
-1.120968
-1.120968
-1.120968
-1.120968
-1.120968
-1.120968
-1.120968
-1.120968
-1.120968
-1.120968
-1.120968
-1.120968
-1.120968
-1.120968
-1.120968
0.386726
1.023492
1.158802
2.324230
1.495590
1.289551
1.220304
-1.091698
0.379251
1.373825
1.237585
-0.864682
-0.541506
-0.209293
0.379593
0.245259
-0.975078
-1.353751
-1.030321
-1.139500
-0.377609
0.958034
1.193360
1.473754
1.755231
1.271909
0.133410
0.371046
-0.507588
-0.507588
-0.507588
-0.507588
-0.507588
-0.507588
-0.507588
-0.507588
-0.507588
-0.507588
-0.507588
-0.507588
-0.507588
-0.507588
-0.507588
-0.507588
-0.507588
-0.507588
-0.507588
-0.507588
-0.507588
0.215503
-0.583769
-1.101773
0.692543
0.932499
-0.917149
0.441502
0.496099
-0.964088
-0.687874
-0.946800
1.071635
-1.136695
1.311098
2.131499
-1.089774
-2.213295
-2.121673
0.229123
-0.041666
1.679198
2.726894
1.219478
-0.155773
-0.070015
-1.810247
0.548737
0.479259
-2.253945
-2.253945
-2.253945
-2.253945
-2.253945
-2.253945
-2.253945
-2.253945
-2.253945
-2.253945
-2.253945
-2.253945
-2.253945
-2.253945
-2.253945
-2.253945
-2.253945
-2.253945
-2.253945
-2.253945
-2.253945
1.496260
-1.193688
-2.644893
0.291226
0.486819
-2.534558
-0.794749
1.388331
-0.220321
-2.551371
-2.045013
-2.802123
-2.320855
-0.283981
1.531322
1.899618
-0.551375
-0.888946
-2.058217
0.262781
0.991859
0.599692
0.531551
-1.614551
-1.634632
-0.642861
-0.585624
1.020800
1.490213
1.490213
1.490213
1.490213
1.490213
1.490213
1.490213
1.490213
1.490213
1.490213
1.490213
1.490213
1.490213
1.490213
1.490213
1.490213
1.490213
1.490213
1.490213
1.490213
1.490213
-0.244685
-0.272677
-0.688928
-1.098502
-1.002289
-0.520765
-0.424009
1.170507
1.720561
0.284874
-1.651190
-0.639568
1.998637
1.891559
0.807799
1.572896
1.451498
0.660879
-0.272462
0.371407
1.284402
-0.132885
-0.295297
1.599916
2.346769
0.865283
1.241274
1.153798
0.534912
0.534912
0.534912
0.534912
0.534912
0.534912
0.534912
0.534912
0.534912
0.534912
0.534912
0.534912
0.534912
0.534912
0.534912
0.534912
0.534912
0.534912
0.534912
0.534912
0.534912
-1.768508
-0.553551
0.429215
-1.127373
-1.026701
-0.108316
-0.411181
0.200530
-1.139382
1.161086
0.426550
0.815357
1.118752
1.541147
-0.275741
-1.048698
2.547686
2.915174
2.355065
0.699814
0.104686
-0.917353
-2.604440
0.144334
3.280699
1.912738
-0.470870
-0.518498
-0.622519
-0.622519
-0.622519
-0.622519
-0.622519
-0.622519
-0.622519
-0.622519
-0.622519
-0.622519
-0.622519
-0.622519
-0.622519
-0.622519
-0.622519
-0.622519
-0.622519
-0.622519
-0.622519
-0.622519
-0.622519
0.252245
-0.049663
0.028570
-0.408377
-0.637057
-0.828161
-1.400004
-0.893567
-0.134214
1.261226
-0.653923
0.343009
0.325013
-1.829471
-0.220785
0.303028
0.967268
0.799169
0.328359
1.285272
-0.766322
-1.044227
0.408567
0.728566
2.563094
1.242604
1.600270
-0.547973
-0.770353
-0.770353
-0.770353
-0.770353
-0.770353
-0.770353
-0.770353
-0.770353
-0.770353
-0.770353
-0.770353
-0.770353
-0.770353
-0.770353
-0.770353
-0.770353
-0.770353
-0.770353
-0.770353
-0.770353
-0.770353
-1.140170
0.306270
1.370879
-0.059316
0.487679
1.582804
0.726796
-1.627997
1.129000
1.933367
0.436454
0.175040
1.121395
1.686157
-1.350418
0.297634
-1.695731
-1.101998
-0.735029
-0.092421
0.579720
-0.700937
0.716413
0.835348
-0.168581
1.501576
0.423740
0.485980
-1.392691
-1.392691
-1.392691
-1.392691
-1.392691
-1.392691
-1.392691
-1.392691
-1.392691
-1.392691
-1.392691
-1.392691
-1.392691
-1.392691
-1.392691
-1.392691
-1.392691
-1.392691
-1.392691
-1.392691
-1.392691
0.439934
-0.104704
-0.141781
0.453920
0.159431
-1.163414
-0.172884
1.598103
-0.178915
-0.284675
0.318543
-0.365084
-0.848037
-0.495109
0.051723
-0.502251
0.128316
-0.261619
-0.188890
-1.343723
0.626962
0.033625
-0.573615
-1.319263
-1.121822
0.109049
-0.583748
-0.486157
1.390218
1.390218
1.390218
1.390218
1.390218
1.390218
1.390218
1.390218
1.390218
1.390218
1.390218
1.390218
1.390218
1.390218
1.390218
1.390218
1.390218
1.390218
1.390218
1.390218
1.390218
-1.451569
-1.087974
-0.263146
-1.116729
-0.832660
-0.501734
-0.117191
-0.903224
-1.584532
-0.296255
-0.096988
0.265291
-0.189746
-0.997042
-1.267170
-1.247407
0.160191
1.109293
0.244661
0.495277
-1.212487
-0.522375
-0.970416
0.349930
1.905327
0.443238
-0.151605
-1.008668
-0.894163
-0.894163
-0.894163
-0.894163
-0.894163
-0.894163
-0.894163
-0.894163
-0.894163
-0.894163
-0.894163
-0.894163
-0.894163
-0.894163
-0.894163
-0.894163
-0.894163
-0.894163
-0.894163
-0.894163
-0.894163
2.232912
1.443330
1.782168
1.051071
1.447084
1.488294
0.747275
1.457940
2.169035
2.286149
0.240943
0.519773
0.961460
1.120589
0.396051
1.784302
2.778021
0.566239
1.575302
1.237065
0.459773
0.290271
1.143757
1.844309
0.892803
1.236672
0.793929
-0.410800
0.968018
0.968018
0.968018
0.968018
0.968018
0.968018
0.968018
0.968018
0.968018
0.968018
0.968018
0.968018
0.968018
0.968018
0.968018
0.968018
0.968018
0.968018
0.968018
0.968018
0.968018
-1.665886
-1.314618
-0.512954
-2.125478
-1.573347
-0.087763
-0.733137
-0.056939
0.093157
5.007396
1.899451
1.761581
2.317016
-0.836457
-2.213734
-0.301088
2.052308
2.899979
1.658639
3.052624
-0.762441
-1.863547
0.843088
0.390950
0.970321
0.132829
2.169085
-0.802498
2.178212
2.178212
2.178212
2.178212
2.178212
2.178212
2.178212
2.178212
2.178212
2.178212
2.178212
2.178212
2.178212
2.178212
2.178212
2.178212
2.178212
2.178212
2.178212
2.178212
2.178212
-0.534615
-0.406683
0.374263
-0.232701
0.047223
0.179819
0.681879
-0.973697
0.350258
2.188003
2.847736
0.200601
1.056088
0.305971
-0.437401
-0.061550
1.469960
0.727031
-0.820365
0.455365
1.032694
0.258510
-0.123959
0.291043
1.047288
-0.896288
0.242425
0.598431
0.689614
0.689614
0.689614
0.689614
0.689614
0.689614
0.689614
0.689614
0.689614
0.689614
0.689614
0.689614
0.689614
0.689614
0.689614
0.689614
0.689614
0.689614
0.689614
0.689614
0.689614
-0.306381
-1.037615
-0.832864
-1.755430
-1.704894
-0.997418
-1.088629
-1.493802
-1.768762
-0.304467
-3.116494
-1.861608
0.277905
-1.899983
0.257644
-1.199864
-0.857500
-1.735091
1.458231
-1.390389
-1.287287
1.471719
-0.094891
0.756221
-0.172472
2.475704
-0.144061
-1.099533
-1.286560
-1.286560
-1.286560
-1.286560
-1.286560
-1.286560
-1.286560
-1.286560
-1.286560
-1.286560
-1.286560
-1.286560
-1.286560
-1.286560
-1.286560
-1.286560
-1.286560
-1.286560
-1.286560
-1.286560
-1.286560
-0.464713
-0.436610
-1.203962
-1.521724
-1.687107
0.285506
-1.077981
-1.469984
0.464321
0.638653
2.051336
1.706616
0.670301
-0.322612
-0.980992
0.223680
-0.354495
0.891892
-0.348026
1.461287
-0.794923
-0.426030
0.042157
-0.583360
0.556320
-0.988499
1.812977
0.694152
2.557606
2.557606
2.557606
2.557606
2.557606
2.557606
2.557606
2.557606
2.557606
2.557606
2.557606
2.557606
2.557606
2.557606
2.557606
2.557606
2.557606
2.557606
2.557606
2.557606
2.557606
0.685426
-0.959817
-0.141637
0.034501
-0.924170
-1.307083
-1.267627
0.701520
-1.217567
-1.379505
0.834698
-0.450926
-1.983619
-1.862053
0.219130
-0.369025
-0.046703
1.436020
1.419902
0.860756
-0.170225
-0.373600
1.434897
2.388000
2.136394
0.678763
0.664968
0.219576
0.121971
0.121971
0.121971
0.121971
0.121971
0.121971
0.121971
0.121971
0.121971
0.121971
0.121971
0.121971
0.121971
0.121971
0.121971
0.121971
0.121971
0.121971
0.121971
0.121971
0.121971
0.597628
0.830669
-0.036016
1.365899
0.568557
0.329545
0.025078
0.229523
0.372447
-0.830994
1.056389
-1.601737
-1.029165
-0.819322
0.561278
1.658182
2.890855
1.587311
1.627501
0.284082
0.289756
0.852038
1.124579
1.395750
0.856049
0.710790
-0.365180
0.532216
-1.710589
-1.710589
-1.710589
-1.710589
-1.710589
-1.710589
-1.710589
-1.710589
-1.710589
-1.710589
-1.710589
-1.710589
-1.710589
-1.710589
-1.710589
-1.710589
-1.710589
-1.710589
-1.710589
-1.710589
-1.710589
0.291990
0.778125
-1.150442
0.931001
0.871830
0.477387
1.358764
0.396049
0.608739
1.434819
1.187734
1.454518
1.008347
0.950758
1.020041
2.032610
3.047779
1.743717
2.860360
2.195276
0.632715
0.409840
0.925581
2.356153
2.660872
3.084453
1.728492
0.618570
0.693608
0.693608
0.693608
0.693608
0.693608
0.693608
0.693608
0.693608
0.693608
0.693608
0.693608
0.693608
0.693608
0.693608
0.693608
0.693608
0.693608
0.693608
0.693608
0.693608
0.693608
-1.899905
-1.139117
-1.442369
0.229736
0.720952
0.442055
0.128573
-2.199074
-2.341283
-1.891750
-3.230001
-0.959732
0.021896
-0.453655
-1.361258
-0.258870
-1.185239
-1.954628
-1.224766
0.686014
-0.534546
-0.521738
0.162091
-0.095056
-2.434268
1.002303
1.654820
-0.356668
-0.912768
-0.912768
-0.912768
-0.912768
-0.912768
-0.912768
-0.912768
-0.912768
-0.912768
-0.912768
-0.912768
-0.912768
-0.912768
-0.912768
-0.912768
-0.912768
-0.912768
-0.912768
-0.912768
-0.912768
-0.912768
-0.638744
-1.558580
-1.002303
-1.603224
-2.011528
-0.920156
-2.651889
-1.560530
0.397594
1.739353
1.144012
0.348185
2.639458
-0.626952
-1.495630
1.027118
2.660996
2.645914
0.702622
0.876587
-0.956096
-0.837018
1.090157
1.924432
1.351284
0.691649
0.383001
0.169739
-0.222616
-0.222616
-0.222616
-0.222616
-0.222616
-0.222616
-0.222616
-0.222616
-0.222616
-0.222616
-0.222616
-0.222616
-0.222616
-0.222616
-0.222616
-0.222616
-0.222616
-0.222616
-0.222616
-0.222616
-0.222616
-0.233884
0.404673
3.018598
1.554613
0.967879
-0.205804
-0.216422
0.967703
0.098479
1.079923
1.102867
1.385166
2.044086
-0.222629
0.710099
-0.405685
-1.807584
-1.756403
-2.687117
-0.041757
0.626646
0.432555
0.678081
-0.431154
-1.954268
-2.748127
1.340845
0.492449
-0.867316
-0.867316
-0.867316
-0.867316
-0.867316
-0.867316
-0.867316
-0.867316
-0.867316
-0.867316
-0.867316
-0.867316
-0.867316
-0.867316
-0.867316
-0.867316
-0.867316
-0.867316
-0.867316
-0.867316
-0.867316
0.495965
-0.405946
-0.963920
-0.743654
-0.137679
0.776317
0.684246
-0.033484
-0.208772
-1.063969
1.352917
1.108109
-0.226845
0.276044
-0.088131
1.789447
4.017692
1.391892
2.430767
1.258221
1.146209
0.806163
0.231004
2.091703
0.458679
1.507030
-0.933538
0.029163
2.398398
2.398398
2.398398
2.398398
2.398398
2.398398
2.398398
2.398398
2.398398
2.398398
2.398398
2.398398
2.398398
2.398398
2.398398
2.398398
2.398398
2.398398
2.398398
2.398398
2.398398
0.927860
0.405042
2.185068
1.028549
0.640887
0.040268
-0.751480
1.896281
1.959889
1.215410
0.265853
-0.033904
0.781602
-0.311140
0.071296
0.815337
-0.516048
-0.318060
-0.232663
-0.489433
-1.035621
-0.443114
0.076091
-0.953047
-0.330897
0.602965
0.175042
-0.167555
-0.708346
-0.708346
-0.708346
-0.708346
-0.708346
-0.708346
-0.708346
-0.708346
-0.708346
-0.708346
-0.708346
-0.708346
-0.708346
-0.708346
-0.708346
-0.708346
-0.708346
-0.708346
-0.708346
-0.708346
-0.708346
1.847745
1.915370
2.619832
2.239032
2.179541
1.216039
1.431832
2.465714
-0.067160
0.834356
1.465815
0.962616
0.345438
-0.017377
1.645425
-0.265314
1.139121
3.772512
2.080142
-1.640446
-0.668963
-0.126395
-0.711760
-0.128927
2.507041
0.118222
-1.256995
-0.458882
-0.773411
-0.773411
-0.773411
-0.773411
-0.773411
-0.773411
-0.773411
-0.773411
-0.773411
-0.773411
-0.773411
-0.773411
-0.773411
-0.773411
-0.773411
-0.773411
-0.773411
-0.773411
-0.773411
-0.773411
-0.773411
0.020766
-1.150270
-1.065104
0.518427
0.101905
-1.428203
1.352364
-1.315461
-1.311377
-0.855449
-0.344595
-0.503618
0.165659
-0.828515
-0.732937
-1.583755
-2.035797
0.938466
0.666847
0.696328
-0.092723
0.320312
-0.017265
-0.375528
-0.261180
-0.225876
0.405385
-0.016655
-1.052817
-1.052817
-1.052817
-1.052817
-1.052817
-1.052817
-1.052817
-1.052817
-1.052817
-1.052817
-1.052817
-1.052817
-1.052817
-1.052817
-1.052817
-1.052817
-1.052817
-1.052817
-1.052817
-1.052817
-1.052817
-0.134952
0.424581
1.034647
-0.630382
-0.268335
-0.860943
0.066488
-2.203233
-1.136422
1.669121
-1.323293
-0.072751
-0.206290
-0.323799
-0.961862
-2.558759
0.690052
0.162963
1.123089
-0.507901
-0.627849
-0.365995
-0.919390
-0.253383
-0.694775
0.057531
-1.245502
-0.960360
1.833461
1.833461
1.833461
1.833461
1.833461
1.833461
1.833461
1.833461
1.833461
1.833461
1.833461
1.833461
1.833461
1.833461
1.833461
1.833461
1.833461
1.833461
1.833461
1.833461
1.833461
1.541346
0.115674
0.403495
0.990096
-0.304374
0.300765
0.384475
2.130266
-0.198610
-0.996499
-0.003358
-0.060644
-0.380584
0.483527
0.938417
-1.301076
0.007529
-0.661760
-0.759165
0.412905
1.014474
0.820618
0.747575
1.376924
1.982435
1.140185
1.202174
0.349698
-2.377328
-2.377328
-2.377328
-2.377328
-2.377328
-2.377328
-2.377328
-2.377328
-2.377328
-2.377328
-2.377328
-2.377328
-2.377328
-2.377328
-2.377328
-2.377328
-2.377328
-2.377328
-2.377328
-2.377328
-2.377328
-1.204309
-0.111546
1.645541
0.666430
-0.342644
0.733882
0.140369
-1.761174
-0.250109
2.610382
2.251389
1.600887
2.847947
1.469304
-0.632918
-0.510573
1.518112
2.357046
1.810982
2.843199
1.586976
0.203250
-0.691833
0.209478
-0.052544
0.946121
0.878574
-0.102019
-0.744531
-0.744531
-0.744531
-0.744531
-0.744531
-0.744531
-0.744531
-0.744531
-0.744531
-0.744531
-0.744531
-0.744531
-0.744531
-0.744531
-0.744531
-0.744531
-0.744531
-0.744531
-0.744531
-0.744531
-0.744531
-1.534873
-1.044823
1.213817
-1.988172
-2.109927
-0.040787
-2.194174
-1.032009
-0.293862
1.644781
0.378934
0.377763
0.097837
-0.844832
1.369451
-0.126572
1.524011
1.388931
1.467419
-1.001229
-0.976242
0.434114
-0.004789
0.952988
0.377462
1.938798
1.066899
0.559093
1.188902
1.188902
1.188902
1.188902
1.188902
1.188902
1.188902
1.188902
1.188902
1.188902
1.188902
1.188902
1.188902
1.188902
1.188902
1.188902
1.188902
1.188902
1.188902
1.188902
1.188902
-1.646487
0.213272
-0.223179
0.185807
0.577077
-0.103490
-0.073855
-0.893394
0.449320
1.744452
-0.136101
1.638928
1.610554
0.963410
0.966348
0.412758
2.504515
0.783825
1.704292
0.523316
0.813152
1.528283
1.271669
0.647839
2.193590
2.467614
1.369238
0.210658
-1.264214
-1.264214
-1.264214
-1.264214
-1.264214
-1.264214
-1.264214
-1.264214
-1.264214
-1.264214
-1.264214
-1.264214
-1.264214
-1.264214
-1.264214
-1.264214
-1.264214
-1.264214
-1.264214
-1.264214
-1.264214
0.334773
-0.304435
-0.337517
-1.690380
-1.381365
-1.270192
-1.659430
0.376148
-0.490882
-0.105276
-2.025972
-1.288088
-2.539099
0.293559
-0.823046
-0.503030
-2.814677
-2.984746
-1.960092
-0.972303
0.711340
-0.778720
0.207743
-1.288535
-1.432014
-2.661562
1.392053
1.322771
1.378761
1.378761
1.378761
1.378761
1.378761
1.378761
1.378761
1.378761
1.378761
1.378761
1.378761
1.378761
1.378761
1.378761
1.378761
1.378761
1.378761
1.378761
1.378761
1.378761
1.378761
-0.966839
-0.975324
-2.258629
-0.311108
-0.568880
-1.891011
-0.816769
-0.724385
-1.671870
-2.503285
-2.636723
-1.828255
-4.011798
-0.630519
-0.392953
-1.592332
-2.499647
-2.087481
-0.967416
-0.567816
-0.546794
0.014494
-1.390074
-1.673898
0.135400
-0.856334
-0.366342
-0.133284
0.039883
0.039883
0.039883
0.039883
0.039883
0.039883
0.039883
0.039883
0.039883
0.039883
0.039883
0.039883
0.039883
0.039883
0.039883
0.039883
0.039883
0.039883
0.039883
0.039883
0.039883
1.713369
1.100920
1.755538
0.899526
0.062729
-1.551795
0.525602
1.043400
-1.679238
-1.701800
0.396943
-1.760025
-3.930362
-0.631622
0.019140
-0.644216
1.864818
3.263312
1.144756
-0.299284
-0.151334
-0.784448
0.206446
1.626809
3.315359
2.539141
1.449130
0.082892
0.732536
0.732536
0.732536
0.732536
0.732536
0.732536
0.732536
0.732536
0.732536
0.732536
0.732536
0.732536
0.732536
0.732536
0.732536
0.732536
0.732536
0.732536
0.732536
0.732536
0.732536
0.762927
1.413431
1.935943
-0.479126
-0.269911
1.455121
0.026396
-0.204803
1.968096
1.697202
-0.220673
0.395029
0.104992
-0.417717
-1.380952
0.152221
0.016860
-1.918792
-0.179551
-1.044660
-0.996856
-1.150103
-0.123575
0.188194
-2.170342
0.601407
0.432558
-0.406161
-0.711422
-0.711422
-0.711422
-0.711422
-0.711422
-0.711422
-0.711422
-0.711422
-0.711422
-0.711422
-0.711422
-0.711422
-0.711422
-0.711422
-0.711422
-0.711422
-0.711422
-0.711422
-0.711422
-0.711422
-0.711422
-0.485919
0.630391
0.624469
0.795965
0.445078
0.173104
-0.806200
0.947552
1.660708
1.181123
2.460181
1.283287
1.828841
0.922129
0.444348
1.636320
0.912786
2.237100
1.030526
0.884001
0.892714
-1.000301
1.952353
1.602626
1.791078
1.027848
1.973764
1.367585
3.308063
3.308063
3.308063
3.308063
3.308063
3.308063
3.308063
3.308063
3.308063
3.308063
3.308063
3.308063
3.308063
3.308063
3.308063
3.308063
3.308063
3.308063
3.308063
3.308063
3.308063
0.098900
-0.576283
-0.933349
0.764907
-0.282752
-0.076680
-0.000399
-0.371791
-0.545873
-2.956050
-1.252510
-0.584385
-0.267223
-0.292118
-1.334440
-1.193399
-3.504195
-2.170525
-3.817105
-1.580190
-1.098263
-1.126057
-1.782732
-1.406367
-1.621406
-2.657712
-1.084703
-1.108759
-0.762069
-0.762069
-0.762069
-0.762069
-0.762069
-0.762069
-0.762069
-0.762069
-0.762069
-0.762069
-0.762069
-0.762069
-0.762069
-0.762069
-0.762069
-0.762069
-0.762069
-0.762069
-0.762069
-0.762069
-0.762069
1.068321
0.909414
0.788816
-0.203916
-0.471398
-0.166907
0.764612
0.778572
1.876739
2.846311
1.567220
-0.242732
1.482163
-0.202953
0.299320
0.537307
-0.290249
-0.084818
0.300564
1.144666
-0.409913
0.335307
-1.168527
-0.896252
0.457628
0.047101
0.665654
-0.092341
0.075869
0.075869
0.075869
0.075869
0.075869
0.075869
0.075869
0.075869
0.075869
0.075869
0.075869
0.075869
0.075869
0.075869
0.075869
0.075869
0.075869
0.075869
0.075869
0.075869
0.075869
0.643896
0.719569
-0.938414
0.589768
0.245743
-0.896361
0.253445
0.634045
0.373323
-0.892004
0.164439
0.751619
-1.203656
0.032026
0.084355
-0.169366
-0.788947
-0.689752
-0.842362
-1.553772
0.054111
-0.735041
-0.940486
-1.859810
-2.341011
-2.012497
-1.628784
0.016602
0.022014
0.022014
0.022014
0.022014
0.022014
0.022014
0.022014
0.022014
0.022014
0.022014
0.022014
0.022014
0.022014
0.022014
0.022014
0.022014
0.022014
0.022014
0.022014
0.022014
0.022014
0.481599
-0.366610
2.601431
1.129134
0.419688
0.077775
-0.004335
0.371657
-0.083412
1.263978
-0.507210
-0.112831
1.590519
0.202759
1.060928
-0.697421
-0.304797
-1.419428
-1.434969
0.624753
0.617340
1.260447
-1.791623
-0.539535
0.479131
-1.650504
-1.330133
-0.265629
1.747445
1.747445
1.747445
1.747445
1.747445
1.747445
1.747445
1.747445
1.747445
1.747445
1.747445
1.747445
1.747445
1.747445
1.747445
1.747445
1.747445
1.747445
1.747445
1.747445
1.747445
0.602721
1.189886
0.345087
0.486822
0.583908
0.889597
1.628183
1.696392
1.358737
1.198674
1.337510
3.352870
4.290523
1.669901
0.974017
1.716037
1.403606
4.130111
2.968972
3.436218
1.857342
0.652487
0.229604
-0.168800
1.180561
1.750038
1.145036
0.567804
-0.778015
-0.778015
-0.778015
-0.778015
-0.778015
-0.778015
-0.778015
-0.778015
-0.778015
-0.778015
-0.778015
-0.778015
-0.778015
-0.778015
-0.778015
-0.778015
-0.778015
-0.778015
-0.778015
-0.778015
-0.778015
-0.144554
-0.842540
-2.298136
-1.164286
-0.909874
2.139007
1.281964
-0.014257
-0.912684
-3.051841
-0.492390
-0.267115
0.086952
0.404478
-0.547325
-0.932070
-2.735085
-2.021828
-1.681646
-1.972797
-1.971451
-0.696003
0.718419
-0.887519
-1.310004
-2.259043
-1.181751
-1.315735
-0.406195
-0.406195
-0.406195
-0.406195
-0.406195
-0.406195
-0.406195
-0.406195
-0.406195
-0.406195
-0.406195
-0.406195
-0.406195
-0.406195
-0.406195
-0.406195
-0.406195
-0.406195
-0.406195
-0.406195
-0.406195
-2.169893
0.464340
2.788746
2.582988
2.301245
2.319110
0.228871
-0.358228
3.077289
4.572425
4.537902
3.158846
3.225011
1.041203
1.870045
2.503270
0.367750
0.951948
0.397390
0.448210
0.595320
0.152800
-0.085610
-1.142613
-0.232069
-1.027106
0.275725
1.090067
-0.783463
-0.783463
-0.783463
-0.783463
-0.783463
-0.783463
-0.783463
-0.783463
-0.783463
-0.783463
-0.783463
-0.783463
-0.783463
-0.783463
-0.783463
-0.783463
-0.783463
-0.783463
-0.783463
-0.783463
-0.783463
-1.641893
-2.758271
-2.009133
-1.579535
-0.546750
-0.964644
-0.914379
-0.403564
-0.286275
-0.465316
0.661206
0.820606
0.525262
-1.059260
-0.366699
-1.078282
-0.926891
0.152078
-0.815739
0.933698
-0.284651
0.150347
-1.033523
-1.186900
-1.265200
-1.853054
0.491039
-0.211219
0.676231
0.676231
0.676231
0.676231
0.676231
0.676231
0.676231
0.676231
0.676231
0.676231
0.676231
0.676231
0.676231
0.676231
0.676231
0.676231
0.676231
0.676231
0.676231
0.676231
0.676231
0.703849
-1.151369
-0.259446
-1.039833
-0.957273
-1.373631
-1.479695
-0.409774
-1.195265
1.522698
-0.884368
-0.388106
1.055400
-1.117982
-0.727720
-1.409237
0.338254
-1.046694
-1.243710
-0.834719
-1.639240
-2.067267
-2.239205
-0.631499
-0.570530
-2.195767
-1.269985
-2.326427
-0.458578
-0.458578
-0.458578
-0.458578
-0.458578
-0.458578
-0.458578
-0.458578
-0.458578
-0.458578
-0.458578
-0.458578
-0.458578
-0.458578
-0.458578
-0.458578
-0.458578
-0.458578
-0.458578
-0.458578
-0.458578
-1.528011
-1.288378
-1.000809
-1.143100
-0.911223
-0.868537
-0.024843
1.728237
-0.273834
0.425072
2.177463
1.222271
-0.885584
0.193885
2.905272
0.403839
2.713181
3.474443
2.440375
-0.931529
-0.030977
1.731538
-0.025963
1.220889
2.482115
2.126976
-0.852733
-0.532174
-1.435761
-1.435761
-1.435761
-1.435761
-1.435761
-1.435761
-1.435761
-1.435761
-1.435761
-1.435761
-1.435761
-1.435761
-1.435761
-1.435761
-1.435761
-1.435761
-1.435761
-1.435761
-1.435761
-1.435761
-1.435761
1.490321
2.152858
1.847014
0.800251
1.413556
1.478217
0.553956
0.809870
2.557328
2.994022
2.926057
2.323768
2.511555
0.527227
-0.013989
0.984247
1.594993
2.231249
1.775632
0.604877
0.001645
-0.747697
-0.303345
0.137713
-1.408735
1.626974
0.996869
0.083337
-1.464045
-1.464045
-1.464045
-1.464045
-1.464045
-1.464045
-1.464045
-1.464045
-1.464045
-1.464045
-1.464045
-1.464045
-1.464045
-1.464045
-1.464045
-1.464045
-1.464045
-1.464045
-1.464045
-1.464045
-1.464045
-0.141248
0.291674
0.020374
-0.972029
-0.821885
-0.178676
0.082618
1.167820
0.709330
1.323322
0.753358
0.082163
0.504603
1.014014
1.303952
1.317072
1.939515
0.552750
0.156283
-0.335330
0.215818
0.099451
0.788784
1.897981
1.678934
1.094883
-1.405825
-0.901730
-1.507588
-1.507588
-1.507588
-1.507588
-1.507588
-1.507588
-1.507588
-1.507588
-1.507588
-1.507588
-1.507588
-1.507588
-1.507588
-1.507588
-1.507588
-1.507588
-1.507588
-1.507588
-1.507588
-1.507588
-1.507588
-2.562372
-2.960277
-0.665594
-1.272718
-0.662448
-0.499766
-1.881786
-2.002535
-1.609034
-0.036222
-1.665358
-0.499339
1.112485
-1.233067
-1.091222
-0.401518
0.009797
-0.778561
-0.120450
0.520847
-0.087681
-0.428660
-0.598099
-0.794621
-1.633806
0.191457
-0.281887
0.660588
1.931895
1.931895
1.931895
1.931895
1.931895
1.931895
1.931895
1.931895
1.931895
1.931895
1.931895
1.931895
1.931895
1.931895
1.931895
1.931895
1.931895
1.931895
1.931895
1.931895
1.931895
-1.524621
-0.624569
-1.857240
-1.253629
-0.988770
-0.838420
0.343920
-0.362402
-1.127665
-2.157907
-0.981694
-1.116772
-3.911983
-0.242710
1.013388
-0.236989
-1.466395
-1.486301
-1.513786
-0.576327
0.283516
0.688890
0.106102
0.553396
1.104548
-1.569795
0.469504
1.160071
1.808404
1.808404
1.808404
1.808404
1.808404
1.808404
1.808404
1.808404
1.808404
1.808404
1.808404
1.808404
1.808404
1.808404
1.808404
1.808404
1.808404
1.808404
1.808404
1.808404
1.808404
1.115699
1.076607
0.981335
-1.221248
-1.015953
1.369337
0.357714
-0.367872
0.519841
0.917569
1.255754
0.322360
2.311495
1.554340
-1.323057
-0.796245
2.846984
3.921302
1.245167
-0.379721
-0.979692
-0.448484
-0.542080
0.786367
2.068599
1.176523
-0.084433
-0.429870
1.618348
1.618348
1.618348
1.618348
1.618348
1.618348
1.618348
1.618348
1.618348
1.618348
1.618348
1.618348
1.618348
1.618348
1.618348
1.618348
1.618348
1.618348
1.618348
1.618348
1.618348
0.394040
0.580367
-0.538346
0.781716
0.728607
1.000763
1.049565
3.500047
2.539075
1.285594
0.277924
-0.292618
1.769632
0.530598
1.972526
1.024394
-0.080228
-2.866057
-1.362300
-0.014829
1.257412
1.602599
0.119662
-1.057964
-3.956270
-1.134025
0.533338
0.740148
-2.802591
-2.802591
-2.802591
-2.802591
-2.802591
-2.802591
-2.802591
-2.802591
-2.802591
-2.802591
-2.802591
-2.802591
-2.802591
-2.802591
-2.802591
-2.802591
-2.802591
-2.802591
-2.802591
-2.802591
-2.802591
2.256895
2.863428
3.338689
3.108313
3.776130
1.669344
1.712797
0.765130
1.809227
2.185465
-0.031005
1.003495
4.375509
3.331540
0.322160
0.751852
-0.220006
-3.182674
-0.775732
2.725451
2.035242
-0.219024
-0.368917
-0.466960
-0.102003
1.315828
0.654694
0.327313
-2.565693
-2.565693
-2.565693
-2.565693
-2.565693
-2.565693
-2.565693
-2.565693
-2.565693
-2.565693
-2.565693
-2.565693
-2.565693
-2.565693
-2.565693
-2.565693
-2.565693
-2.565693
-2.565693
-2.565693
-2.565693
-0.264049
-0.870122
-0.101924
-0.903053
0.958042
-0.515687
1.430155
1.146749
0.011823
-2.001349
-2.512974
-0.337881
-3.193188
-0.528753
1.557579
-1.215759
-3.474566
-0.537743
-0.024822
-2.293524
-0.574370
1.627880
-0.892173
-2.108363
-0.447271
0.833634
-0.530573
0.780135
3.986649
3.986649
3.986649
3.986649
3.986649
3.986649
3.986649
3.986649
3.986649
3.986649
3.986649
3.986649
3.986649
3.986649
3.986649
3.986649
3.986649
3.986649
3.986649
3.986649
3.986649
-0.059706
-1.092790
-2.327487
0.098076
0.263091
0.270657
1.114572
0.432659
-0.505449
-4.572923
-0.488521
-1.399094
-4.162949
0.660189
-0.462909
-0.041615
-1.279654
0.032913
-0.642553
-2.054194
-0.015696
0.176983
0.486922
1.064361
1.844857
0.259508
-0.140958
-0.062882
0.707507
0.707507
0.707507
0.707507
0.707507
0.707507
0.707507
0.707507
0.707507
0.707507
0.707507
0.707507
0.707507
0.707507
0.707507
0.707507
0.707507
0.707507
0.707507
0.707507
0.707507
-0.836697
-1.054092
0.031988
3.075598
1.995039
-0.586801
-0.547811
-0.328229
-2.288924
-2.551626
0.298546
-0.008559
-1.016521
0.365925
0.312142
-1.797635
-1.571033
0.140140
0.045179
-0.458623
-0.443870
0.980942
-0.881230
-0.608182
-0.109028
0.445631
0.963521
0.817115
0.786569
0.786569
0.786569
0.786569
0.786569
0.786569
0.786569
0.786569
0.786569
0.786569
0.786569
0.786569
0.786569
0.786569
0.786569
0.786569
0.786569
0.786569
0.786569
0.786569
0.786569
0.214964
-0.791471
-0.959949
-0.701539
0.055890
0.177490
1.008781
0.936068
-0.417161
-2.340207
-1.497837
-0.741000
0.437360
1.266219
1.061667
-0.910258
-1.307091
-1.209878
-1.410748
0.759025
0.921188
0.277477
-1.016114
-1.547803
-0.775352
-0.263424
0.230713
0.474706
1.124104
1.124104
1.124104
1.124104
1.124104
1.124104
1.124104
1.124104
1.124104
1.124104
1.124104
1.124104
1.124104
1.124104
1.124104
1.124104
1.124104
1.124104
1.124104
1.124104
1.124104
-2.348705
-0.613780
-0.462907
-2.353420
-1.487346
-1.033099
-1.030494
-0.975167
0.916905
0.498804
-3.866106
-0.806778
-0.206110
0.664786
0.560901
2.036897
0.151822
-3.549375
-0.296654
0.151080
1.470900
0.821032
-0.150699
0.219688
-0.070819
-0.001334
-0.280751
2.485592
3.819293
3.819293
3.819293
3.819293
3.819293
3.819293
3.819293
3.819293
3.819293
3.819293
3.819293
3.819293
3.819293
3.819293
3.819293
3.819293
3.819293
3.819293
3.819293
3.819293
3.819293
-0.713157
-0.595347
-2.199678
-3.587242
-1.990241
-1.587000
0.497041
-2.606631
-2.402447
-3.027235
-3.480875
-2.343874
-0.815557
-1.025493
-2.142029
-2.628780
-1.502859
-3.107376
-1.918906
-1.798836
-1.617973
-0.961628
-0.573788
-0.354181
-1.579889
-0.969948
-1.084997
-1.028913
-0.823128
-0.823128
-0.823128
-0.823128
-0.823128
-0.823128
-0.823128
-0.823128
-0.823128
-0.823128
-0.823128
-0.823128
-0.823128
-0.823128
-0.823128
-0.823128
-0.823128
-0.823128
-0.823128
-0.823128
-0.823128
-0.915481
-0.327296
-0.756429
-1.470629
-1.553728
-0.069717
-0.791708
-0.958030
0.091243
2.430781
1.419789
1.814149
0.391894
-0.931857
-1.022488
0.326031
3.187457
3.535765
3.260147
1.463554
-1.744510
-1.237431
-1.334821
-0.154112
-0.714278
0.167515
-1.358205
-1.941257
-0.966577
-0.966577
-0.966577
-0.966577
-0.966577
-0.966577
-0.966577
-0.966577
-0.966577
-0.966577
-0.966577
-0.966577
-0.966577
-0.966577
-0.966577
-0.966577
-0.966577
-0.966577
-0.966577
-0.966577
-0.966577
-1.222340
-1.082360
-1.279896
-0.242274
-0.239850
0.212914
-0.028860
-1.035306
0.180214
-0.383976
0.748728
1.859901
1.516924
-0.611304
-1.000831
-0.427653
0.537596
0.083575
2.170592
1.752544
0.002386
-0.122517
1.439792
0.567796
0.036148
1.934842
1.622420
0.808271
0.892192
0.892192
0.892192
0.892192
0.892192
0.892192
0.892192
0.892192
0.892192
0.892192
0.892192
0.892192
0.892192
0.892192
0.892192
0.892192
0.892192
0.892192
0.892192
0.892192
0.892192
-1.494563
-1.245940
-1.649139
-0.819399
-1.077814
-2.100305
-0.552770
-0.310177
0.588561
-1.238351
0.389593
-0.277791
-3.113633
-1.865035
-0.172104
1.289167
-0.553717
-2.049835
-1.499165
-0.875746
-1.642670
0.272340
0.884151
-0.017839
-1.700884
-1.028991
-0.625699
-0.908442
2.081558
2.081558
2.081558
2.081558
2.081558
2.081558
2.081558
2.081558
2.081558
2.081558
2.081558
2.081558
2.081558
2.081558
2.081558
2.081558
2.081558
2.081558
2.081558
2.081558
2.081558
0.623539
2.366483
2.990098
-1.012470
-1.376439
0.655019
-1.976475
-1.557153
2.830088
4.211219
0.332436
-0.604549
0.944556
-0.816722
-2.164171
2.419882
4.278044
3.620719
2.958369
2.861639
-0.487810
-2.829624
0.130862
1.843663
2.702589
3.261117
2.773026
-0.428696
-0.032937
-0.032937
-0.032937
-0.032937
-0.032937
-0.032937
-0.032937
-0.032937
-0.032937
-0.032937
-0.032937
-0.032937
-0.032937
-0.032937
-0.032937
-0.032937
-0.032937
-0.032937
-0.032937
-0.032937
-0.032937
-0.267051
0.702311
1.167572
-0.668756
-0.048096
1.288787
-0.101487
-0.814103
0.193484
2.589963
-0.318888
0.596278
2.374588
0.944937
-1.691998
-0.609074
0.058079
-0.295632
-0.789037
2.078062
-0.157357
-0.966973
0.378649
1.229518
0.772592
0.181774
1.545061
-0.236559
1.290661
1.290661
1.290661
1.290661
1.290661
1.290661
1.290661
1.290661
1.290661
1.290661
1.290661
1.290661
1.290661
1.290661
1.290661
1.290661
1.290661
1.290661
1.290661
1.290661
1.290661
-1.712108
-1.507344
-0.542575
-0.825370
-0.717436
-1.844126
-0.849288
-1.115156
-0.046250
-0.458450
-0.351586
0.347020
-1.260122
-0.389932
-0.181447
0.717218
0.161308
0.266035
1.972934
0.666795
0.081655
-0.620844
0.517000
1.330848
2.345394
3.139431
2.279387
1.230507
1.488132
1.488132
1.488132
1.488132
1.488132
1.488132
1.488132
1.488132
1.488132
1.488132
1.488132
1.488132
1.488132
1.488132
1.488132
1.488132
1.488132
1.488132
1.488132
1.488132
1.488132
-2.925240
-1.769999
0.978109
-1.706329
-1.370324
-0.543775
-1.224950
-2.375988
-0.676665
2.551839
-1.150412
0.089831
2.436067
-1.399807
-1.035487
2.187357
2.243309
0.056228
2.275305
2.769021
-0.573855
-0.417683
1.893012
1.824792
0.256007
2.376493
0.636897
-0.057056
1.305885
1.305885
1.305885
1.305885
1.305885
1.305885
1.305885
1.305885
1.305885
1.305885
1.305885
1.305885
1.305885
1.305885
1.305885
1.305885
1.305885
1.305885
1.305885
1.305885
1.305885
0.117362
-0.818227
-1.818554
1.890122
0.745068
-1.473709
-1.111469
-0.495650
0.914456
-0.714495
0.101668
0.120935
-1.028057
-0.810159
-0.003427
1.927313
1.776457
-0.899273
1.913714
1.388698
1.251628
0.078934
3.755629
3.303661
1.473233
4.548443
3.991056
1.380401
-1.331967
-1.331967
-1.331967
-1.331967
-1.331967
-1.331967
-1.331967
-1.331967
-1.331967
-1.331967
-1.331967
-1.331967
-1.331967
-1.331967
-1.331967
-1.331967
-1.331967
-1.331967
-1.331967
-1.331967
-1.331967
-1.089358
0.480521
-0.813357
-0.071370
-0.128160
-1.178952
-0.940562
-1.044574
0.515268
-1.292184
-0.796873
-0.015071
-1.563511
-0.946465
-0.495453
1.045743
0.763580
-0.245882
-0.350560
1.469462
0.305326
0.301484
1.496548
-0.388408
-1.064603
-1.093010
0.887508
0.494841
2.875792
2.875792
2.875792
2.875792
2.875792
2.875792
2.875792
2.875792
2.875792
2.875792
2.875792
2.875792
2.875792
2.875792
2.875792
2.875792
2.875792
2.875792
2.875792
2.875792
2.875792
-3.102398
-1.800568
-1.845062
-1.161090
-0.468179
-0.939145
-1.280480
-1.005733
-0.122187
-2.738243
0.104401
0.094419
-1.370746
-1.404499
0.633386
-0.305477
-1.338261
0.977922
-0.571812
-1.424292
-1.470997
-0.475610
0.618922
-1.400635
0.368591
-0.881238
-0.201034
-1.184360
-0.547730
-0.547730
-0.547730
-0.547730
-0.547730
-0.547730
-0.547730
-0.547730
-0.547730
-0.547730
-0.547730
-0.547730
-0.547730
-0.547730
-0.547730
-0.547730
-0.547730
-0.547730
-0.547730
-0.547730
-0.547730
1.450097
-0.655407
0.286671
-0.068498
0.316457
1.707881
-0.227901
0.525122
-0.667528
-0.539923
-0.028931
-0.108750
0.935002
0.459683
0.260890
-0.072020
0.072558
0.043980
0.023883
-1.359488
0.024648
0.713303
0.130693
1.197638
-0.399939
1.242548
0.425287
0.913237
1.365870
1.365870
1.365870
1.365870
1.365870
1.365870
1.365870
1.365870
1.365870
1.365870
1.365870
1.365870
1.365870
1.365870
1.365870
1.365870
1.365870
1.365870
1.365870
1.365870
1.365870
-0.582622
-0.082105
-0.702384
-0.706089
-0.076465
0.039824
-0.013337
1.587010
0.144132
-0.860978
-1.348008
-1.346319
-1.524421
0.567184
2.615128
-0.036183
-2.342918
-1.363290
-1.481723
-0.697582
0.812098
1.094563
-1.459964
-1.422792
0.300689
-1.228557
-0.980062
-0.037349
-1.084005
-1.084005
-1.084005
-1.084005
-1.084005
-1.084005
-1.084005
-1.084005
-1.084005
-1.084005
-1.084005
-1.084005
-1.084005
-1.084005
-1.084005
-1.084005
-1.084005
-1.084005
-1.084005
-1.084005
-1.084005
-2.586813
-2.304806
-0.880897
-2.439670
-2.347214
0.188088
-0.826490
-0.967688
-0.936352
-1.289109
-1.372829
-0.528639
0.204612
-0.069629
-0.458359
-0.149693
-0.038519
0.556513
0.303928
-0.683073
-0.549524
-0.857859
-1.595385
-0.460119
-0.304050
-0.536370
-2.013917
-1.393927
-0.098051
-0.098051
-0.098051
-0.098051
-0.098051
-0.098051
-0.098051
-0.098051
-0.098051
-0.098051
-0.098051
-0.098051
-0.098051
-0.098051
-0.098051
-0.098051
-0.098051
-0.098051
-0.098051
-0.098051
-0.098051
1.686379
0.476138
1.194604
0.192934
-0.149760
0.683027
0.218870
1.488009
-0.369606
0.408498
2.394153
1.843747
1.307563
0.408571
1.932773
-0.612660
-0.105012
0.298663
-0.079803
0.855932
0.795806
0.974945
1.334293
1.189240
-0.476526
1.041400
2.634096
1.928326
-0.013832
-0.013832
-0.013832
-0.013832
-0.013832
-0.013832
-0.013832
-0.013832
-0.013832
-0.013832
-0.013832
-0.013832
-0.013832
-0.013832
-0.013832
-0.013832
-0.013832
-0.013832
-0.013832
-0.013832
-0.013832
-0.625248
-1.119144
-1.034617
-2.213718
-1.240197
-0.780495
-0.325735
0.582195
-1.137234
0.542289
-0.585255
1.759533
-0.586641
-0.007859
0.507306
-0.993565
1.818508
1.573942
4.160171
1.116349
0.090037
0.035630
-0.704519
0.776426
1.130094
2.814973
1.317776
0.064809
0.050001
0.050001
0.050001
0.050001
0.050001
0.050001
0.050001
0.050001
0.050001
0.050001
0.050001
0.050001
0.050001
0.050001
0.050001
0.050001
0.050001
0.050001
0.050001
0.050001
0.050001
-2.135457
-1.566584
-0.992849
-1.600503
-1.491345
-0.803769
-1.989882
-2.581205
-1.024343
-1.390268
-2.346884
-0.595304
-1.719149
-1.848747
-2.031185
-0.839470
-0.983794
-0.444146
1.095727
1.648970
-0.890129
-1.893676
0.240259
0.221378
0.224197
0.399199
-0.118814
-0.395244
1.321045
1.321045
1.321045
1.321045
1.321045
1.321045
1.321045
1.321045
1.321045
1.321045
1.321045
1.321045
1.321045
1.321045
1.321045
1.321045
1.321045
1.321045
1.321045
1.321045
1.321045
-0.232517
0.561995
0.196644
-0.403262
-1.755798
-1.419317
-1.224622
0.048208
1.738159
2.611077
2.374620
1.202696
0.338765
0.992116
0.344055
1.421440
0.755615
0.673469
-0.053306
2.176426
1.764692
0.401216
0.201472
-1.577911
-1.074641
-1.987463
0.624642
1.715620
-0.088768
-0.088768
-0.088768
-0.088768
-0.088768
-0.088768
-0.088768
-0.088768
-0.088768
-0.088768
-0.088768
-0.088768
-0.088768
-0.088768
-0.088768
-0.088768
-0.088768
-0.088768
-0.088768
-0.088768
-0.088768
-0.286759
-1.449457
-1.701496
-0.064782
0.215754
-1.419720
-0.028752
0.110555
1.138911
0.035615
0.813653
0.837398
-1.473032
0.911469
0.384373
0.466404
1.425592
-0.272435
0.911571
-0.951998
1.149586
-0.086862
-0.309175
1.610746
1.190058
-0.770295
-0.252207
0.191552
0.723044
0.723044
0.723044
0.723044
0.723044
0.723044
0.723044
0.723044
0.723044
0.723044
0.723044
0.723044
0.723044
0.723044
0.723044
0.723044
0.723044
0.723044
0.723044
0.723044
0.723044
1.693779
3.102544
2.315765
1.561241
1.534775
-0.032153
1.323966
0.347314
-0.211893
-2.278977
-1.752451
-1.158781
-1.261075
0.973872
-0.477709
0.015874
-2.945139
-1.509008
-1.833649
-1.054969
0.887101
0.391389
0.190235
-0.285081
-0.436202
-1.060398
-0.051075
1.349669
1.154257
1.154257
1.154257
1.154257
1.154257
1.154257
1.154257
1.154257
1.154257
1.154257
1.154257
1.154257
1.154257
1.154257
1.154257
1.154257
1.154257
1.154257
1.154257
1.154257
1.154257
0.559821
0.483432
-0.636664
2.898596
2.384067
0.438103
1.498158
1.288077
0.446040
0.299556
2.726078
2.083747
0.474380
1.497102
2.007693
1.419185
0.356945
0.082807
0.478366
-0.043758
1.324095
1.399271
1.222542
1.036510
0.075063
0.286537
0.270413
1.144069
0.440068
0.440068
0.440068
0.440068
0.440068
0.440068
0.440068
0.440068
0.440068
0.440068
0.440068
0.440068
0.440068
0.440068
0.440068
0.440068
0.440068
0.440068
0.440068
0.440068
0.440068
-0.550070
-0.475759
0.595913
1.374235
1.352031
0.208641
-0.694228
-1.666931
-1.443068
-1.008711
0.224670
-0.925980
-1.861732
-0.401587
-1.706586
-3.360461
-1.529180
-0.000612
-0.883872
-2.402360
-0.334446
-1.095019
-2.879142
-1.256974
0.636956
-1.783863
-3.276041
-2.104585
0.951087
0.951087
0.951087
0.951087
0.951087
0.951087
0.951087
0.951087
0.951087
0.951087
0.951087
0.951087
0.951087
0.951087
0.951087
0.951087
0.951087
0.951087
0.951087
0.951087
0.951087
-0.677076
0.297425
0.520284
1.417437
1.380617
0.263017
0.643644
-0.710143
0.947861
1.060028
3.848749
2.686755
-0.907943
-0.849782
0.473049
1.091835
1.275223
4.389922
0.374501
0.795914
0.064474
1.228778
1.280924
-0.512260
1.082780
-1.653150
1.468032
0.856007
0.380743
0.380743
0.380743
0.380743
0.380743
0.380743
0.380743
0.380743
0.380743
0.380743
0.380743
0.380743
0.380743
0.380743
0.380743
0.380743
0.380743
0.380743
0.380743
0.380743
0.380743
-0.283321
1.549866
2.507988
1.023786
1.486421
2.209961
-0.073513
-1.085707
1.559287
1.687086
-0.344610
-0.376919
3.881830
3.021444
-0.128767
-0.254367
-1.245867
0.320814
-2.402562
-1.111422
1.229365
-0.698349
0.024041
0.229405
0.800966
-0.247051
-1.955780
-0.183019
0.128849
0.128849
0.128849
0.128849
0.128849
0.128849
0.128849
0.128849
0.128849
0.128849
0.128849
0.128849
0.128849
0.128849
0.128849
0.128849
0.128849
0.128849
0.128849
0.128849
0.128849
-2.249452
-1.428766
-2.568475
-2.547071
-1.491912
-1.589503
-0.132046
-2.696913
-0.965443
-1.234720
2.388349
2.344287
-2.267432
0.143731
-1.741364
0.117636
-0.617371
0.140673
0.400773
1.568268
-0.029377
-0.631416
1.276978
-1.444182
-2.764782
-3.220676
0.217239
2.171605
-4.062799
-4.062799
-4.062799
-4.062799
-4.062799
-4.062799
-4.062799
-4.062799
-4.062799
-4.062799
-4.062799
-4.062799
-4.062799
-4.062799
-4.062799
-4.062799
-4.062799
-4.062799
-4.062799
-4.062799
-4.062799
-0.222281
0.151233
2.620406
0.316629
0.405597
1.571704
0.743391
-0.510452
-1.108536
0.682537
1.648180
2.150134
1.549703
0.377887
0.566938
-0.085350
1.416830
2.010431
1.709698
-1.119677
-1.608672
0.148157
-0.395510
1.163272
2.516663
1.151446
-0.183531
0.335406
-0.865023
-0.865023
-0.865023
-0.865023
-0.865023
-0.865023
-0.865023
-0.865023
-0.865023
-0.865023
-0.865023
-0.865023
-0.865023
-0.865023
-0.865023
-0.865023
-0.865023
-0.865023
-0.865023
-0.865023
-0.865023
1.362889
-0.254751
-0.287394
-0.307284
0.853464
1.284169
1.151743
0.698427
0.237656
0.193436
0.685040
-0.080739
1.184852
-1.598873
0.701078
0.181876
1.599583
0.949231
1.429203
0.046674
-2.184350
-1.363499
-0.980413
-0.419302
0.167078
1.054445
-0.012460
-2.228430
-2.079072
-2.079072
-2.079072
-2.079072
-2.079072
-2.079072
-2.079072
-2.079072
-2.079072
-2.079072
-2.079072
-2.079072
-2.079072
-2.079072
-2.079072
-2.079072
-2.079072
-2.079072
-2.079072
-2.079072
-2.079072
0.293280
-0.234746
-1.720956
-0.474027
-0.469522
0.655024
0.359645
-0.023746
-0.597827
-1.303833
-0.344674
0.177535
-1.733703
0.047835
1.369651
0.340500
2.906521
1.833034
2.806067
-1.140403
0.180042
0.871167
-0.891455
-1.453609
-1.805905
1.321202
-1.025059
0.166907
-0.455201
-0.455201
-0.455201
-0.455201
-0.455201
-0.455201
-0.455201
-0.455201
-0.455201
-0.455201
-0.455201
-0.455201
-0.455201
-0.455201
-0.455201
-0.455201
-0.455201
-0.455201
-0.455201
-0.455201
-0.455201
-0.923665
-0.661732
-1.039432
-1.621983
-2.184785
-3.807229
-2.778872
-0.938847
-0.788298
-1.142205
-3.890471
-2.868538
-2.083364
-1.306889
-0.985477
-1.109804
-1.620953
-3.318621
-0.813691
-0.798544
-0.876817
-1.239223
-1.141721
0.306339
-0.026342
1.161509
-0.245811
-0.005253
0.341899
0.341899
0.341899
0.341899
0.341899
0.341899
0.341899
0.341899
0.341899
0.341899
0.341899
0.341899
0.341899
0.341899
0.341899
0.341899
0.341899
0.341899
0.341899
0.341899
0.341899
-1.373073
-0.258958
0.515857
0.549608
0.166439
0.472341
-0.092437
-2.561634
-2.616762
-1.898516
-2.536505
-2.494292
0.213654
1.390535
-0.959413
-0.661540
-3.052561
-3.476777
-2.995142
-0.056293
1.194244
-0.174883
-0.342717
-0.535663
-1.195932
-0.458582
0.934229
0.821359
-1.898077
-1.898077
-1.898077
-1.898077
-1.898077
-1.898077
-1.898077
-1.898077
-1.898077
-1.898077
-1.898077
-1.898077
-1.898077
-1.898077
-1.898077
-1.898077
-1.898077
-1.898077
-1.898077
-1.898077
-1.898077
-0.335434
-0.316973
0.532158
-1.895476
-1.331972
-1.316099
-0.518975
-1.528586
0.538772
1.571428
0.631547
0.858160
2.071690
1.743365
-2.054349
2.905870
3.897358
3.347911
2.887054
1.769815
1.345900
-1.436550
1.771962
3.128932
4.159723
2.891147
0.365127
0.006601
-1.031163
-1.031163
-1.031163
-1.031163
-1.031163
-1.031163
-1.031163
-1.031163
-1.031163
-1.031163
-1.031163
-1.031163
-1.031163
-1.031163
-1.031163
-1.031163
-1.031163
-1.031163
-1.031163
-1.031163
-1.031163
-0.658841
0.004207
-0.152703
0.531435
1.131853
0.045197
0.125027
-0.418365
0.655289
1.483173
1.347819
2.747752
1.243791
-0.234750
1.186566
0.311097
2.251457
0.871884
1.822500
1.460293
0.263311
0.633755
1.385778
0.966200
-0.402371
0.065460
-0.020757
0.816228
0.130229
0.130229
0.130229
0.130229
0.130229
0.130229
0.130229
0.130229
0.130229
0.130229
0.130229
0.130229
0.130229
0.130229
0.130229
0.130229
0.130229
0.130229
0.130229
0.130229
0.130229
0.749032
-1.510949
-2.735621
0.420298
0.123258
-1.096440
0.615792
0.320147
-1.525774
-2.892315
1.551704
-0.381853
-4.465547
-1.229187
-0.971663
0.041379
2.424374
3.173136
1.689739
-0.185353
-0.536847
-1.288362
-1.097602
-0.703265
-0.883705
0.466500
-0.053696
-0.344140
-2.147600
-2.147600
-2.147600
-2.147600
-2.147600
-2.147600
-2.147600
-2.147600
-2.147600
-2.147600
-2.147600
-2.147600
-2.147600
-2.147600
-2.147600
-2.147600
-2.147600
-2.147600
-2.147600
-2.147600
-2.147600
-0.530317
-1.993347
-1.022285
-1.415604
-1.665866
-0.508814
-1.137794
-0.201076
0.837953
0.894209
-0.179017
-1.012143
2.112073
-0.261338
0.026732
0.516165
-0.805051
-2.532877
-1.014394
0.001969
-1.144834
-0.325454
0.064472
-0.645072
-0.742230
0.707871
-0.549904
-0.764191
-1.237069
-1.237069
-1.237069
-1.237069
-1.237069
-1.237069
-1.237069
-1.237069
-1.237069
-1.237069
-1.237069
-1.237069
-1.237069
-1.237069
-1.237069
-1.237069
-1.237069
-1.237069
-1.237069
-1.237069
-1.237069
0.989987
1.982833
0.102355
0.954285
1.233054
0.397852
2.016800
0.077486
1.620777
-0.874569
-0.390005
-0.860499
-0.924354
0.480006
-0.458307
0.558208
-1.737495
-1.728349
-2.245639
0.990837
-0.370362
-0.749198
2.346790
2.302444
2.680821
2.073215
2.865480
0.503629
-2.507465
-2.507465
-2.507465
-2.507465
-2.507465
-2.507465
-2.507465
-2.507465
-2.507465
-2.507465
-2.507465
-2.507465
-2.507465
-2.507465
-2.507465
-2.507465
-2.507465
-2.507465
-2.507465
-2.507465
-2.507465
-0.089094
0.027017
1.546531
0.228415
-0.155120
0.587292
0.339409
0.511810
0.874556
3.194536
1.644379
0.380822
2.052287
0.695014
0.128830
-0.146598
0.681841
1.326283
-0.868231
1.061348
-0.091877
-0.224638
-0.881827
1.053360
1.468289
0.123943
0.168433
0.338007
-1.623718
-1.623718
-1.623718
-1.623718
-1.623718
-1.623718
-1.623718
-1.623718
-1.623718
-1.623718
-1.623718
-1.623718
-1.623718
-1.623718
-1.623718
-1.623718
-1.623718
-1.623718
-1.623718
-1.623718
-1.623718
-0.904963
-0.722305
-0.703194
-2.121321
-1.938947
-1.513453
-2.592029
-1.094387
-0.256528
0.798899
0.537374
0.902402
1.870984
-0.543974
-1.591263
1.016327
1.546000
2.395417
1.215984
4.166471
0.375703
-1.480022
0.213127
-1.293930
-0.611152
-2.319980
-0.941942
-0.535392
-2.620601
-2.620601
-2.620601
-2.620601
-2.620601
-2.620601
-2.620601
-2.620601
-2.620601
-2.620601
-2.620601
-2.620601
-2.620601
-2.620601
-2.620601
-2.620601
-2.620601
-2.620601
-2.620601
-2.620601
-2.620601
-2.566969
-0.970197
-1.207936
-1.167799
-1.415529
-1.170531
-1.491083
-1.670680
-1.607657
-2.092710
-0.971188
-1.404067
0.143507
-0.510015
-0.816476
-0.761858
-0.332937
1.605347
0.362088
0.650245
-1.041876
0.100842
-0.410587
-0.924195
-0.997793
-0.057020
-0.890997
-0.766134
1.241891
1.241891
1.241891
1.241891
1.241891
1.241891
1.241891
1.241891
1.241891
1.241891
1.241891
1.241891
1.241891
1.241891
1.241891
1.241891
1.241891
1.241891
1.241891
1.241891
1.241891
-1.203029
-1.247929
-1.738719
0.032005
-0.395776
-1.354761
-1.420407
-1.007249
-1.224310
0.273573
1.218318
0.676966
-2.431052
-1.442533
0.288398
-0.226563
0.636154
1.788205
0.672560
-0.452106
-0.508825
0.252971
0.656366
0.730209
0.261835
0.286206
-0.524731
-0.632294
0.045276
0.045276
0.045276
0.045276
0.045276
0.045276
0.045276
0.045276
0.045276
0.045276
0.045276
0.045276
0.045276
0.045276
0.045276
0.045276
0.045276
0.045276
0.045276
0.045276
0.045276
2.093462
0.069979
-1.663124
-0.331335
0.074827
-1.574655
0.722578
0.472123
0.375610
0.293548
0.803802
1.160789
-0.132828
0.802796
-0.104133
0.277312
1.000789
1.969289
1.712116
1.865809
-0.430224
-0.531724
-0.105572
0.479699
1.034655
0.994037
0.403732
-0.631723
-0.369221
-0.369221
-0.369221
-0.369221
-0.369221
-0.369221
-0.369221
-0.369221
-0.369221
-0.369221
-0.369221
-0.369221
-0.369221
-0.369221
-0.369221
-0.369221
-0.369221
-0.369221
-0.369221
-0.369221
-0.369221
-3.197531
0.425906
3.147892
0.932409
0.498451
3.649319
-0.607443
-2.380235
0.353695
1.542070
0.392952
1.329874
5.538926
2.259338
-0.624725
-0.269149
0.814739
0.990738
1.129513
2.643674
0.790178
-0.515939
-0.975727
0.708054
-0.161270
-1.329537
-1.135365
-0.825568
1.627223
1.627223
1.627223
1.627223
1.627223
1.627223
1.627223
1.627223
1.627223
1.627223
1.627223
1.627223
1.627223
1.627223
1.627223
1.627223
1.627223
1.627223
1.627223
1.627223
1.627223
0.775047
-0.747804
-2.536011
-1.252391
-0.785698
-1.194903
-0.426059
1.122887
0.835757
0.655570
-0.811126
-0.857986
0.740215
-0.350997
1.505940
1.249750
1.555885
1.821670
0.678983
-0.824966
-0.432721
1.524078
1.529906
1.965314
2.154452
1.632043
-0.164437
-0.539134
-1.024529
-1.024529
-1.024529
-1.024529
-1.024529
-1.024529
-1.024529
-1.024529
-1.024529
-1.024529
-1.024529
-1.024529
-1.024529
-1.024529
-1.024529
-1.024529
-1.024529
-1.024529
-1.024529
-1.024529
-1.024529
2.098141
1.805253
2.000961
1.206298
0.617413
-0.559268
-0.899707
1.683951
-0.574937
0.439504
2.125771
0.474625
1.026406
0.769896
1.414471
-0.360350
1.336592
1.893433
2.228312
-0.696458
0.511870
0.445993
-1.111750
-0.453569
-1.131593
-1.054000
-2.989154
-0.671127
0.825596
0.825596
0.825596
0.825596
0.825596
0.825596
0.825596
0.825596
0.825596
0.825596
0.825596
0.825596
0.825596
0.825596
0.825596
0.825596
0.825596
0.825596
0.825596
0.825596
0.825596
0.519662
1.441190
1.286184
1.458341
1.961818
0.306558
0.505489
0.722248
0.794216
0.442996
1.962102
1.221542
0.048476
-0.396391
-0.243075
0.974192
0.403103
2.031664
1.828533
1.374816
-0.284720
-0.746723
0.684592
-1.246982
-1.493929
-0.929608
-0.311641
-0.499591
-0.760177
-0.760177
-0.760177
-0.760177
-0.760177
-0.760177
-0.760177
-0.760177
-0.760177
-0.760177
-0.760177
-0.760177
-0.760177
-0.760177
-0.760177
-0.760177
-0.760177
-0.760177
-0.760177
-0.760177
-0.760177
-1.483567
-0.916414
1.146287
-2.586669
-2.845536
-0.419580
-1.988611
-1.049314
0.474195
3.549062
0.834859
-0.222870
0.835186
-0.871432
-0.803215
0.212008
-0.928888
0.115870
-1.532793
-0.245278
-0.931450
-0.593767
-0.422479
-1.865580
-0.645714
-1.435974
-0.585855
-0.919529
-0.465520
-0.465520
-0.465520
-0.465520
-0.465520
-0.465520
-0.465520
-0.465520
-0.465520
-0.465520
-0.465520
-0.465520
-0.465520
-0.465520
-0.465520
-0.465520
-0.465520
-0.465520
-0.465520
-0.465520
-0.465520
0.440737
0.780745
1.079929
1.261053
1.294855
1.237938
1.506158
1.818363
-1.318572
-1.031858
-0.644823
0.337369
-0.607515
1.073855
1.663523
-1.682768
-2.475930
-3.447996
-3.339243
-2.576102
1.221472
1.059862
-2.857973
-3.602046
-3.257274
-2.817040
-1.769079
0.806855
0.402121
0.402121
0.402121
0.402121
0.402121
0.402121
0.402121
0.402121
0.402121
0.402121
0.402121
0.402121
0.402121
0.402121
0.402121
0.402121
0.402121
0.402121
0.402121
0.402121
0.402121
-0.082548
0.626741
0.373971
-0.222117
-0.213528
-1.772914
-1.379269
-1.340862
0.531054
1.089847
0.525404
0.010803
0.459559
-1.627588
-0.462922
1.791560
-0.841645
-0.311015
-2.051001
0.027453
-1.093137
-0.921472
0.111712
-1.045208
-1.680055
-2.982795
-1.892840
-1.393273
-0.760785
-0.760785
-0.760785
-0.760785
-0.760785
-0.760785
-0.760785
-0.760785
-0.760785
-0.760785
-0.760785
-0.760785
-0.760785
-0.760785
-0.760785
-0.760785
-0.760785
-0.760785
-0.760785
-0.760785
-0.760785
0.031783
-0.450562
-0.740009
-0.213436
-0.371023
-1.716295
-1.136577
-0.262480
-0.631317
-0.994737
-1.979668
-1.673254
-1.801248
-1.559541
-0.926743
-0.531109
-0.087753
-1.056280
0.095801
-0.707055
-0.341743
-0.848842
1.598678
1.436789
2.038060
4.002600
1.658559
0.208661
0.546320
0.546320
0.546320
0.546320
0.546320
0.546320
0.546320
0.546320
0.546320
0.546320
0.546320
0.546320
0.546320
0.546320
0.546320
0.546320
0.546320
0.546320
0.546320
0.546320
0.546320
2.052260
1.048044
-0.288371
0.291184
1.005238
1.067442
1.993415
2.024336
0.866339
1.637541
0.766260
1.054239
2.580863
1.813445
-0.304724
-0.384343
0.749759
1.566871
1.544426
0.952444
0.581172
-0.331268
0.594316
0.259012
0.447345
-0.495414
0.618503
0.047867
-1.375561
-1.375561
-1.375561
-1.375561
-1.375561
-1.375561
-1.375561
-1.375561
-1.375561
-1.375561
-1.375561
-1.375561
-1.375561
-1.375561
-1.375561
-1.375561
-1.375561
-1.375561
-1.375561
-1.375561
-1.375561
2.700514
-0.138857
-0.336216
-0.139108
0.250934
1.236206
1.941237
2.363195
1.168914
-0.650055
-1.555884
-1.619527
1.434654
1.788892
2.015395
0.330712
0.854980
0.129231
0.053230
0.659770
1.594975
0.735636
-1.175174
0.771291
1.312373
2.870440
0.779574
0.254591
-2.359484
-2.359484
-2.359484
-2.359484
-2.359484
-2.359484
-2.359484
-2.359484
-2.359484
-2.359484
-2.359484
-2.359484
-2.359484
-2.359484
-2.359484
-2.359484
-2.359484
-2.359484
-2.359484
-2.359484
-2.359484
1.376508
-2.814092
-2.851685
-0.834163
-0.906828
-0.800160
0.226563
0.125719
-2.975895
-2.428051
-4.119607
-2.754925
-3.808915
-1.600458
0.750531
-0.746507
1.259311
1.426914
2.593163
-2.085362
-2.455258
-0.070601
0.439645
1.190393
3.849613
3.056512
1.696254
-0.654417
0.479057
0.479057
0.479057
0.479057
0.479057
0.479057
0.479057
0.479057
0.479057
0.479057
0.479057
0.479057
0.479057
0.479057
0.479057
0.479057
0.479057
0.479057
0.479057
0.479057
0.479057
1.628145
0.723879
1.215309
-0.019350
0.452421
1.098296
2.536107
0.653231
0.636163
0.613472
-1.302329
-0.289662
1.398082
1.269289
0.144676
0.186055
-0.878827
-0.881100
-1.858981
-1.208651
0.190805
0.125069
-0.018205
-1.213142
-1.418442
-1.266716
-1.193265
0.547639
2.052824
2.052824
2.052824
2.052824
2.052824
2.052824
2.052824
2.052824
2.052824
2.052824
2.052824
2.052824
2.052824
2.052824
2.052824
2.052824
2.052824
2.052824
2.052824
2.052824
2.052824
-1.649171
1.941239
1.509092
-0.932039
-0.492884
0.280821
0.340357
-0.174874
1.012810
1.140844
-1.431558
-0.799637
0.317793
1.049870
0.484164
0.578886
0.395839
0.145966
0.787001
0.859828
1.933527
1.239572
1.183217
0.103901
0.386325
0.430263
1.349998
1.494438
1.303813
1.303813
1.303813
1.303813
1.303813
1.303813
1.303813
1.303813
1.303813
1.303813
1.303813
1.303813
1.303813
1.303813
1.303813
1.303813
1.303813
1.303813
1.303813
1.303813
1.303813
-0.057085
1.743023
1.684101
-1.827147
-1.521125
0.026821
-0.668257
0.428482
2.890234
3.916948
0.358325
1.146195
0.776392
0.710389
0.030572
2.452496
2.604306
1.261269
2.199424
3.039896
0.079731
-0.404559
1.289250
1.409958
0.065559
0.526002
0.321044
-1.357140
0.786194
0.786194
0.786194
0.786194
0.786194
0.786194
0.786194
0.786194
0.786194
0.786194
0.786194
0.786194
0.786194
0.786194
0.786194
0.786194
0.786194
0.786194
0.786194
0.786194
0.786194
0.009513
1.370332
2.219680
1.287216
1.688597
1.089067
0.535206
1.447641
0.841038
3.196153
1.889018
3.277288
2.836963
0.435813
2.126240
0.754340
3.508313
1.330655
2.372657
1.672496
0.800572
1.846231
0.578514
0.803312
0.703355
1.280555
-1.438444
0.862851
-0.387820
-0.387820
-0.387820
-0.387820
-0.387820
-0.387820
-0.387820
-0.387820
-0.387820
-0.387820
-0.387820
-0.387820
-0.387820
-0.387820
-0.387820
-0.387820
-0.387820
-0.387820
-0.387820
-0.387820
-0.387820
-0.666545
-0.680177
-0.761726
-0.211949
0.089095
0.414415
0.166135
-0.454121
0.270783
1.663807
1.059162
0.830155
1.096217
0.470877
0.481705
0.192253
-0.603918
-0.260616
0.435011
0.198417
-0.041606
-0.143414
1.049579
1.290490
2.149122
2.051298
0.657062
1.276916
0.944474
0.944474
0.944474
0.944474
0.944474
0.944474
0.944474
0.944474
0.944474
0.944474
0.944474
0.944474
0.944474
0.944474
0.944474
0.944474
0.944474
0.944474
0.944474
0.944474
0.944474
-0.742253
-0.393329
-2.464278
-0.306858
-0.371476
0.493156
0.152915
-0.800552
0.417298
-2.960202
-2.286890
-1.647322
0.695837
-0.741997
-0.973377
0.550899
-1.498547
-3.557759
-2.196747
1.467249
-0.217887
-0.350325
0.354246
-0.356384
-3.642249
-0.317138
0.925641
1.033791
1.815747
1.815747
1.815747
1.815747
1.815747
1.815747
1.815747
1.815747
1.815747
1.815747
1.815747
1.815747
1.815747
1.815747
1.815747
1.815747
1.815747
1.815747
1.815747
1.815747
1.815747
-0.942191
-0.701466
-0.661601
-1.808961
-2.043054
0.505888
-0.349097
-1.906867
-1.296347
-1.785255
-0.789741
-1.795516
1.363423
-1.057752
-0.025306
-1.088749
-2.642956
-3.109198
-2.841141
-0.987562
-1.190373
0.519704
1.133513
0.338616
-0.999883
-0.373434
0.387069
-0.019811
1.952129
1.952129
1.952129
1.952129
1.952129
1.952129
1.952129
1.952129
1.952129
1.952129
1.952129
1.952129
1.952129
1.952129
1.952129
1.952129
1.952129
1.952129
1.952129
1.952129
1.952129
0.179129
-0.776287
0.567933
-0.215532
0.152454
-1.640462
0.978988
0.714031
-0.711691
0.769379
-0.048741
-0.980009
-1.928821
-0.119636
0.067452
-2.148473
-1.931185
-1.651045
-2.273147
-2.742104
-1.020143
0.713834
-0.634143
-0.664293
0.536051
0.678125
-0.505937
-0.208016
1.281974
1.281974
1.281974
1.281974
1.281974
1.281974
1.281974
1.281974
1.281974
1.281974
1.281974
1.281974
1.281974
1.281974
1.281974
1.281974
1.281974
1.281974
1.281974
1.281974
1.281974
-0.954476
0.956709
0.047694
0.047326
-0.768531
-0.100017
-0.777841
-1.061125
0.858559
2.730375
0.787613
-0.016497
1.313094
-1.022007
-0.238978
0.419031
1.594470
2.527021
1.551675
0.288879
-1.637282
-0.080835
-0.058989
0.499737
1.919803
2.830166
3.139542
0.048221
0.735062
0.735062
0.735062
0.735062
0.735062
0.735062
0.735062
0.735062
0.735062
0.735062
0.735062
0.735062
0.735062
0.735062
0.735062
0.735062
0.735062
0.735062
0.735062
0.735062
0.735062
1.247158
0.532446
1.735317
-0.470305
-1.063003
1.007566
-0.067926
-1.511258
-0.302967
0.908569
0.247109
-0.239850
1.705222
-0.253622
-1.117533
-0.060909
0.864351
1.214936
0.120939
0.545125
0.008936
0.258360
2.058489
1.003092
0.568962
0.048291
0.652602
1.142308
-0.501427
-0.501427
-0.501427
-0.501427
-0.501427
-0.501427
-0.501427
-0.501427
-0.501427
-0.501427
-0.501427
-0.501427
-0.501427
-0.501427
-0.501427
-0.501427
-0.501427
-0.501427
-0.501427
-0.501427
-0.501427
-0.084155
2.967753
2.350158
1.233505
0.591592
0.816910
-0.953217
-0.632998
1.059071
1.496448
-0.250967
-0.556205
1.646464
0.083574
-0.667769
-0.059564
-2.618471
-2.464013
-2.843897
-1.533754
0.401089
-1.164264
0.422847
-1.947134
-2.111874
-1.275229
-1.395128
0.605372
-1.216107
-1.216107
-1.216107
-1.216107
-1.216107
-1.216107
-1.216107
-1.216107
-1.216107
-1.216107
-1.216107
-1.216107
-1.216107
-1.216107
-1.216107
-1.216107
-1.216107
-1.216107
-1.216107
-1.216107
-1.216107
-0.803364
0.112714
0.776287
-0.138906
-1.099332
-2.359867
-2.386885
0.454874
-1.493005
0.012905
-1.597264
-1.485557
-2.263704
-1.221515
-0.392948
-2.164292
0.449283
-0.862381
-0.079491
-2.790512
-0.778437
-0.415092
0.015868
0.405847
0.562240
0.635097
0.053589
0.312864
-2.037641
-2.037641
-2.037641
-2.037641
-2.037641
-2.037641
-2.037641
-2.037641
-2.037641
-2.037641
-2.037641
-2.037641
-2.037641
-2.037641
-2.037641
-2.037641
-2.037641
-2.037641
-2.037641
-2.037641
-2.037641
0.707014
1.192253
2.060055
1.095481
0.861122
-0.157767
1.262942
2.009700
2.407412
2.409377
2.205510
1.413515
1.242996
0.613217
2.372954
2.526253
0.200946
2.818989
0.501995
1.382250
0.338604
1.759642
-0.022590
-2.477854
-0.936552
-2.029639
-0.964539
-0.497305
-1.911179
-1.911179
-1.911179
-1.911179
-1.911179
-1.911179
-1.911179
-1.911179
-1.911179
-1.911179
-1.911179
-1.911179
-1.911179
-1.911179
-1.911179
-1.911179
-1.911179
-1.911179
-1.911179
-1.911179
-1.911179
-0.051265
-0.132866
1.780289
-0.483342
0.440472
0.383854
0.487772
1.666531
0.325670
1.496391
1.667675
0.761003
-2.670046
-1.082281
1.845261
0.854187
1.881766
0.960661
0.966377
0.893333
0.421290
0.695503
-0.362760
-0.359481
-2.361284
-0.565442
0.808560
0.454878
-1.737878
-1.737878
-1.737878
-1.737878
-1.737878
-1.737878
-1.737878
-1.737878
-1.737878
-1.737878
-1.737878
-1.737878
-1.737878
-1.737878
-1.737878
-1.737878
-1.737878
-1.737878
-1.737878
-1.737878
-1.737878
-3.295628
-1.177908
-0.762363
-1.864519
-2.284164
-0.763479
-0.969876
-4.093471
-2.006763
-2.665246
0.131101
0.072864
-0.983911
-0.689167
-2.123266
-1.295996
-3.238988
0.247240
-2.573233
-1.695370
-0.913826
-1.542005
1.069227
-0.435847
-0.265254
-1.080029
-0.871285
-0.666972
-0.655745
-0.655745
-0.655745
-0.655745
-0.655745
-0.655745
-0.655745
-0.655745
-0.655745
-0.655745
-0.655745
-0.655745
-0.655745
-0.655745
-0.655745
-0.655745
-0.655745
-0.655745
-0.655745
-0.655745
-0.655745
-1.481745
0.598861
1.209104
-1.149661
-1.020832
0.605087
0.395304
-3.236044
0.822699
-1.835914
-2.276974
-1.090607
1.341859
2.292642
-2.638288
0.822763
-2.661017
-2.717996
-3.278002
1.698020
1.278621
-1.914790
-0.163769
-1.272723
-2.068874
-3.033882
-0.430241
0.192182
2.281638
2.281638
2.281638
2.281638
2.281638
2.281638
2.281638
2.281638
2.281638
2.281638
2.281638
2.281638
2.281638
2.281638
2.281638
2.281638
2.281638
2.281638
2.281638
2.281638
2.281638
0.931898
1.545018
1.339929
1.312475
0.944818
1.557445
1.535316
0.738935
-0.840406
-0.809825
-0.057349
-0.001421
0.929122
0.550387
-0.486168
0.712957
1.918836
0.629884
-1.177214
0.031883
-0.355799
-0.271253
0.593156
1.518306
0.948757
-1.911554
0.414310
-0.264081
0.338165
0.338165
0.338165
0.338165
0.338165
0.338165
0.338165
0.338165
0.338165
0.338165
0.338165
0.338165
0.338165
0.338165
0.338165
0.338165
0.338165
0.338165
0.338165
0.338165
0.338165
-1.841928
-1.479197
-0.257696
-1.104566
-0.972108
1.738540
-0.957390
-1.776409
-0.994574
-1.448973
-0.354800
-0.820358
0.694702
-0.437901
-0.786572
-0.107829
0.907389
0.464260
-0.232492
-1.157671
-1.065917
-1.214484
-1.454733
-0.272498
0.466765
0.393598
-0.023188
-0.901957
-1.725723
-1.725723
-1.725723
-1.725723
-1.725723
-1.725723
-1.725723
-1.725723
-1.725723
-1.725723
-1.725723
-1.725723
-1.725723
-1.725723
-1.725723
-1.725723
-1.725723
-1.725723
-1.725723
-1.725723
-1.725723
1.769594
0.331381
-1.698951
-0.354118
-0.369033
-0.335909
0.361469
1.449293
0.799701
-0.617347
0.445664
1.025999
0.756252
0.864717
-0.037043
0.795062
1.535218
2.184071
2.447115
1.960412
-0.422354
-0.514716
-0.567313
-0.972450
-0.707602
-0.070043
-0.965809
-1.897291
2.396032
2.396032
2.396032
2.396032
2.396032
2.396032
2.396032
2.396032
2.396032
2.396032
2.396032
2.396032
2.396032
2.396032
2.396032
2.396032
2.396032
2.396032
2.396032
2.396032
2.396032
0.707447
0.750340
0.227459
-1.076297
-0.332293
0.168439
0.155447
0.109694
-0.498918
-1.172706
0.570394
0.135820
2.533720
0.729419
0.381352
0.775451
-1.601571
-1.930665
-1.714502
1.344378
0.659741
0.022105
1.431609
-0.337227
-1.416373
-0.890836
0.207407
0.063573
0.419285
0.419285
0.419285
0.419285
0.419285
0.419285
0.419285
0.419285
0.419285
0.419285
0.419285
0.419285
0.419285
0.419285
0.419285
0.419285
0.419285
0.419285
0.419285
0.419285
0.419285
2.686151
-0.307982
-2.108379
1.998131
2.727847
-0.604947
2.104857
1.070328
-0.260834
-1.930884
-0.436367
0.221042
-2.000511
0.378638
0.404283
0.773884
0.247406
1.649106
1.825163
0.604392
0.950759
0.787285
0.132973
0.216951
2.789119
1.731261
0.256863
0.190010
0.235378
0.235378
0.235378
0.235378
0.235378
0.235378
0.235378
0.235378
0.235378
0.235378
0.235378
0.235378
0.235378
0.235378
0.235378
0.235378
0.235378
0.235378
0.235378
0.235378
0.235378
-1.627041
-0.907875
0.314715
1.100844
0.658176
-1.351135
-0.501570
0.067525
0.584356
1.983015
-0.460518
-1.750665
-1.737735
-0.274880
1.990885
1.996094
1.884866
0.405867
-0.615119
-0.101057
-0.013801
1.733153
1.224449
0.354488
1.297586
0.866610
0.043165
0.444302
-0.386596
-0.386596
-0.386596
-0.386596
-0.386596
-0.386596
-0.386596
-0.386596
-0.386596
-0.386596
-0.386596
-0.386596
-0.386596
-0.386596
-0.386596
-0.386596
-0.386596
-0.386596
-0.386596
-0.386596
-0.386596
-0.337981
0.856655
-0.204551
0.302487
0.965317
0.427883
0.975586
0.924337
1.013546
-0.525875
-1.702189
-0.707653
0.279177
1.259128
1.737560
0.543410
-1.906208
-3.099164
-2.431399
1.058896
3.353449
0.830460
-0.343178
-1.328226
-1.847181
-0.287371
1.406981
2.270256
1.414167
1.414167
1.414167
1.414167
1.414167
1.414167
1.414167
1.414167
1.414167
1.414167
1.414167
1.414167
1.414167
1.414167
1.414167
1.414167
1.414167
1.414167
1.414167
1.414167
1.414167
-0.522472
-0.517706
0.081138
-1.144950
-0.554414
1.069177
0.847512
1.508087
0.295838
0.825753
0.594237
0.534524
0.306299
1.041831
2.320418
1.846954
1.527271
0.904305
0.248113
1.680929
1.496866
1.920421
-0.199314
0.027761
0.785653
-2.150844
0.574839
1.154682
0.331447
0.331447
0.331447
0.331447
0.331447
0.331447
0.331447
0.331447
0.331447
0.331447
0.331447
0.331447
0.331447
0.331447
0.331447
0.331447
0.331447
0.331447
0.331447
0.331447
0.331447
-0.901268
-0.455047
0.336509
-0.662641
-0.905946
-0.788900
-1.332052
0.525322
0.967713
1.514606
1.096445
1.946098
1.871759
0.254847
1.936175
-0.336299
-1.381652
-1.569781
-0.635338
0.825256
1.091913
1.487678
-0.875627
-0.337560
0.133635
-1.168509
-0.949448
-0.072559
0.522412
0.522412
0.522412
0.522412
0.522412
0.522412
0.522412
0.522412
0.522412
0.522412
0.522412
0.522412
0.522412
0.522412
0.522412
0.522412
0.522412
0.522412
0.522412
0.522412
0.522412
