160,7,7
-0.477888
0.534134
1.570869
-0.530611
-0.306088
1.906466
1.034091
-1.352835
0.226106
0.924700
-0.809325
0.223891
3.846025
1.352687
-0.946774
0.168744
-2.333358
-3.424126
-1.690735
1.558156
0.624474
-0.096616
-0.899325
-1.326051
-1.395058
-1.307910
0.578764
-0.034881
-0.218148
-0.218148
-0.218148
-0.218148
-0.218148
-0.218148
-0.218148
-0.218148
-0.218148
-0.218148
-0.218148
-0.218148
-0.218148
-0.218148
-0.218148
-0.218148
-0.218148
-0.218148
-0.218148
-0.218148
-0.218148
1.101474
0.665292
1.483271
2.623538
2.776766
1.454510
1.565107
0.344222
2.137253
0.211662
1.119452
2.136044
1.136034
0.732279
0.089218
2.092933
1.487346
2.192412
2.490012
1.447988
1.000984
1.495645
0.427398
0.456993
1.564713
0.247165
-0.477626
0.404422
-0.002118
-0.002118
-0.002118
-0.002118
-0.002118
-0.002118
-0.002118
-0.002118
-0.002118
-0.002118
-0.002118
-0.002118
-0.002118
-0.002118
-0.002118
-0.002118
-0.002118
-0.002118
-0.002118
-0.002118
-0.002118
-0.369803
1.101763
2.610249
-0.861142
-0.423415
1.375576
0.176603
0.111402
0.533863
1.391108
-3.016940
-1.763352
0.845185
0.202198
-0.227872
-0.686637
-0.803023
-2.184178
0.154778
-1.619485
-0.998218
0.371476
-0.104042
-1.034109
-1.576714
0.213449
-1.378760
-1.528686
0.666182
0.666182
0.666182
0.666182
0.666182
0.666182
0.666182
0.666182
0.666182
0.666182
0.666182
0.666182
0.666182
0.666182
0.666182
0.666182
0.666182
0.666182
0.666182
0.666182
0.666182
1.258971
0.725562
0.429349
1.569324
0.759858
0.358125
0.142655
-0.397326
-0.353752
1.265168
1.678576
1.412437
1.588288
-0.581441
-1.090597
0.139620
0.906962
1.815897
2.309653
2.253475
-0.374986
-1.067182
1.416504
1.530659
2.508078
4.578004
3.450874
0.379866
0.155090
0.155090
0.155090
0.155090
0.155090
0.155090
0.155090
0.155090
0.155090
0.155090
0.155090
0.155090
0.155090
0.155090
0.155090
0.155090
0.155090
0.155090
0.155090
0.155090
0.155090
-3.121450
-0.719901
-0.023897
-0.780273
-1.658011
-0.645170
-0.915101
-2.474403
-0.519522
1.472079
2.028928
1.573438
-0.294085
-0.599377
-1.501822
-0.944813
-0.254607
-0.089188
1.540836
1.011488
-1.465925
-0.388710
0.105614
-0.075375
0.449400
0.860367
0.166799
-1.221976
-0.657620
-0.657620
-0.657620
-0.657620
-0.657620
-0.657620
-0.657620
-0.657620
-0.657620
-0.657620
-0.657620
-0.657620
-0.657620
-0.657620
-0.657620
-0.657620
-0.657620
-0.657620
-0.657620
-0.657620
-0.657620
1.221425
-0.355318
-2.292950
-0.100298
-1.505908
-1.080019
-0.801219
1.403023
1.119520
-1.098853
1.703420
0.643803
0.054422
-0.157176
2.068226
2.087019
1.434634
3.545556
2.766782
3.188940
-0.107478
1.539923
2.176032
1.217426
3.376161
3.120724
2.517161
-0.594903
-0.187971
-0.187971
-0.187971
-0.187971
-0.187971
-0.187971
-0.187971
-0.187971
-0.187971
-0.187971
-0.187971
-0.187971
-0.187971
-0.187971
-0.187971
-0.187971
-0.187971
-0.187971
-0.187971
-0.187971
-0.187971
0.050778
0.990914
0.505128
-0.811447
-0.264669
0.032156
0.282461
-1.507089
0.906658
2.173995
-0.175061
-0.200873
1.477675
0.461830
-1.435007
2.588000
5.723795
3.178880
4.096406
2.710222
0.772486
-0.297401
0.779092
2.109914
1.422439
2.890887
1.226103
0.476340
0.284736
0.284736
0.284736
0.284736
0.284736
0.284736
0.284736
0.284736
0.284736
0.284736
0.284736
0.284736
0.284736
0.284736
0.284736
0.284736
0.284736
0.284736
0.284736
0.284736
0.284736
0.585189
-0.842765
-1.771848
0.587966
-0.329745
-1.467176
-1.375615
-0.370785
1.415894
-0.260392
0.649224
-0.405787
-1.659683
-0.899665
-0.679526
0.145837
-2.039999
-1.655266
-1.939397
-1.156505
0.368926
-0.118622
0.650409
-1.424063
-1.421662
-2.477863
-0.507331
0.516931
-0.702768
-0.702768
-0.702768
-0.702768
-0.702768
-0.702768
-0.702768
-0.702768
-0.702768
-0.702768
-0.702768
-0.702768
-0.702768
-0.702768
-0.702768
-0.702768
-0.702768
-0.702768
-0.702768
-0.702768
-0.702768
0.006354
1.153741
0.846028
0.041615
-0.085009
0.637670
-0.308588
-0.241403
0.039442
0.775876
0.884772
1.262321
2.204782
0.201602
-0.197825
0.711625
1.385810
2.471081
2.194964
1.047259
-0.344617
-0.577766
1.179934
2.762075
0.806223
3.824109
1.992411
0.070141
0.770250
0.770250
0.770250
0.770250
0.770250
0.770250
0.770250
0.770250
0.770250
0.770250
0.770250
0.770250
0.770250
0.770250
0.770250
0.770250
0.770250
0.770250
0.770250
0.770250
0.770250
-1.134794
-0.539628
-2.066376
-0.644778
-0.122316
-0.251377
-0.277134
0.536549
-0.772757
-4.496938
-1.977925
-1.933647
-1.042038
0.079716
0.571250
-0.134690
-1.062280
-2.190884
-2.032028
-0.186686
-0.836017
0.845073
0.929338
0.296325
1.877393
1.627322
0.433405
-1.077063
-1.139750
-1.139750
-1.139750
-1.139750
-1.139750
-1.139750
-1.139750
-1.139750
-1.139750
-1.139750
-1.139750
-1.139750
-1.139750
-1.139750
-1.139750
-1.139750
-1.139750
-1.139750
-1.139750
-1.139750
-1.139750
0.983818
-0.586836
-1.008642
1.130118
0.697267
-1.421080
0.251798
1.163025
0.619943
-0.179635
1.316491
0.882398
-0.575598
0.232797
0.558890
1.012636
-0.567966
0.212768
1.156940
0.852226
0.105785
0.164510
-0.493306
-0.656571
-0.683825
-0.992452
-1.227495
-1.001591
1.091006
1.091006
1.091006
1.091006
1.091006
1.091006
1.091006
1.091006
1.091006
1.091006
1.091006
1.091006
1.091006
1.091006
1.091006
1.091006
1.091006
1.091006
1.091006
1.091006
1.091006
0.031674
-0.381700
-0.154456
0.423537
0.589016
0.870489
0.683019
-1.208379
-1.017504
-1.046738
-0.906276
0.595924
0.082717
-0.107382
-1.472540
-2.230838
-1.374340
-0.987593
1.240744
-1.456517
-0.583561
-1.376120
-2.524925
-2.844929
-3.060323
-0.749881
-2.008128
-0.356147
-0.161463
-0.161463
-0.161463
-0.161463
-0.161463
-0.161463
-0.161463
-0.161463
-0.161463
-0.161463
-0.161463
-0.161463
-0.161463
-0.161463
-0.161463
-0.161463
-0.161463
-0.161463
-0.161463
-0.161463
-0.161463
0.408075
-0.414985
-0.404178
-0.377150
-0.430120
-0.270636
-0.106676
0.050968
-1.109406
1.264029
0.474521
-0.033328
-0.540591
-1.206120
1.463137
0.958855
1.525706
1.590332
0.652854
0.077974
-0.598195
0.800216
-0.169686
-0.373970
-0.921508
1.617266
0.134720
-0.143668
-1.918350
-1.918350
-1.918350
-1.918350
-1.918350
-1.918350
-1.918350
-1.918350
-1.918350
-1.918350
-1.918350
-1.918350
-1.918350
-1.918350
-1.918350
-1.918350
-1.918350
-1.918350
-1.918350
-1.918350
-1.918350
-1.185893
0.700029
1.315037
0.751631
0.236143
-0.199372
-0.326540
-1.527202
0.310649
1.231410
-0.100330
0.800972
0.859042
0.307261
-1.011427
0.205658
0.488996
0.302456
1.177348
1.497728
1.073314
-0.487182
0.554073
0.460643
-0.348556
-1.469331
0.156447
0.801304
0.006139
0.006139
0.006139
0.006139
0.006139
0.006139
0.006139
0.006139
0.006139
0.006139
0.006139
0.006139
0.006139
0.006139
0.006139
0.006139
0.006139
0.006139
0.006139
0.006139
0.006139
-1.417288
0.255738
1.335700
-0.277769
0.020170
1.484346
-0.035139
-1.652821
-0.378711
0.173373
-0.903723
-0.533370
0.288190
0.165992
-1.218315
-0.581355
0.124375
-0.358837
-0.413294
-1.020476
0.323179
-0.604236
-1.143975
-0.037420
-0.956458
0.274923
-0.788363
0.657182
0.128421
0.128421
0.128421
0.128421
0.128421
0.128421
0.128421
0.128421
0.128421
0.128421
0.128421
0.128421
0.128421
0.128421
0.128421
0.128421
0.128421
0.128421
0.128421
0.128421
0.128421
1.291230
1.222432
0.693078
-0.137347
0.680903
-0.456648
-0.760854
2.272407
0.842714
-1.694711
-0.168365
-0.142377
-1.296214
-0.458258
1.449970
1.136511
-0.086434
0.325856
-0.283181
-0.765843
0.236326
1.114917
0.066050
-0.814652
-1.470730
-1.536742
-2.331219
-0.432726
-2.176145
-2.176145
-2.176145
-2.176145
-2.176145
-2.176145
-2.176145
-2.176145
-2.176145
-2.176145
-2.176145
-2.176145
-2.176145
-2.176145
-2.176145
-2.176145
-2.176145
-2.176145
-2.176145
-2.176145
-2.176145
1.074029
1.856217
2.403752
1.079493
-0.119280
-0.245689
1.185586
2.033060
0.598593
3.895235
1.742441
1.700177
1.690200
1.759279
1.198691
0.294899
1.436125
2.134383
1.973119
2.006941
1.241382
0.306662
-0.034486
0.651479
0.829436
0.032869
1.094537
1.107956
-2.779307
-2.779307
-2.779307
-2.779307
-2.779307
-2.779307
-2.779307
-2.779307
-2.779307
-2.779307
-2.779307
-2.779307
-2.779307
-2.779307
-2.779307
-2.779307
-2.779307
-2.779307
-2.779307
-2.779307
-2.779307
0.559092
-0.396858
-0.318496
0.122984
0.273462
-1.057652
-0.406543
-0.077873
-0.926191
-0.788102
0.532233
0.088535
-1.155291
0.091341
0.172656
-0.752349
1.547953
1.758593
1.907545
-0.354207
0.331417
-0.363947
-0.210726
0.301130
0.030185
0.814189
-1.322242
0.330699
-0.927647
-0.927647
-0.927647
-0.927647
-0.927647
-0.927647
-0.927647
-0.927647
-0.927647
-0.927647
-0.927647
-0.927647
-0.927647
-0.927647
-0.927647
-0.927647
-0.927647
-0.927647
-0.927647
-0.927647
-0.927647
-1.775746
-2.017676
-0.439759
-2.343982
-2.436735
-1.074433
-2.538947
-0.537909
-0.618386
0.767038
0.677438
-0.070484
0.629362
-0.678600
0.303812
0.313018
-0.562219
-3.195707
-2.684809
-1.423844
-1.212565
0.579634
0.658506
0.966102
-1.327536
-2.239339
0.738210
-0.677157
1.653335
1.653335
1.653335
1.653335
1.653335
1.653335
1.653335
1.653335
1.653335
1.653335
1.653335
1.653335
1.653335
1.653335
1.653335
1.653335
1.653335
1.653335
1.653335
1.653335
1.653335
0.888916
-0.284722
-1.476619
0.743635
0.643297
-0.231344
0.072981
1.446476
-0.044384
-1.395120
1.011882
0.924144
-0.290383
-0.319741
1.361248
-0.034559
-1.344638
-1.187384
0.110589
0.452520
0.438101
0.776538
-1.228169
-1.295169
-0.840707
0.179649
0.310052
0.533678
-0.769159
-0.769159
-0.769159
-0.769159
-0.769159
-0.769159
-0.769159
-0.769159
-0.769159
-0.769159
-0.769159
-0.769159
-0.769159
-0.769159
-0.769159
-0.769159
-0.769159
-0.769159
-0.769159
-0.769159
-0.769159
-0.096426
0.234974
0.986011
1.240621
1.431841
0.662202
-0.102970
-0.533068
1.001017
2.304763
1.910173
1.614693
-0.455669
-1.759617
-0.768979
1.433069
1.423675
-0.050531
0.216860
0.770870
0.191300
-0.878434
0.687888
0.905508
0.545547
-0.246574
-0.247873
-0.076595
-3.686534
-3.686534
-3.686534
-3.686534
-3.686534
-3.686534
-3.686534
-3.686534
-3.686534
-3.686534
-3.686534
-3.686534
-3.686534
-3.686534
-3.686534
-3.686534
-3.686534
-3.686534
-3.686534
-3.686534
-3.686534
0.072522
0.437700
0.500491
-0.900301
0.568539
-0.658161
-0.418858
1.089057
2.404629
1.614261
-1.272577
-0.229123
0.239227
0.389568
0.110229
1.004832
0.956573
-0.312504
0.701895
1.662063
0.209625
-0.455291
0.515603
0.918256
1.475692
0.613412
0.855510
0.067975
1.749474
1.749474
1.749474
1.749474
1.749474
1.749474
1.749474
1.749474
1.749474
1.749474
1.749474
1.749474
1.749474
1.749474
1.749474
1.749474
1.749474
1.749474
1.749474
1.749474
1.749474
0.064793
-1.027123
-1.706377
-0.510472
-1.070620
-1.216329
-1.288069
1.633578
-1.072662
-1.985913
-0.934553
-0.520930
-2.378460
-1.217636
1.389979
-0.439645
-2.013784
-1.056649
-0.370097
-0.712831
-0.944751
1.073273
-1.162653
-1.283329
-0.155865
-0.916238
0.409251
-0.321854
-2.021798
-2.021798
-2.021798
-2.021798
-2.021798
-2.021798
-2.021798
-2.021798
-2.021798
-2.021798
-2.021798
-2.021798
-2.021798
-2.021798
-2.021798
-2.021798
-2.021798
-2.021798
-2.021798
-2.021798
-2.021798
-2.137012
0.753587
1.378710
0.152899
0.161474
0.081176
-0.018538
-1.844646
-0.080715
0.738294
-0.466816
0.247706
-1.511043
-1.497496
-1.457079
0.386166
1.679949
0.505127
2.028570
0.601130
-1.547388
0.161828
1.031240
1.142512
1.158491
1.325537
0.474808
0.111330
-0.213443
-0.213443
-0.213443
-0.213443
-0.213443
-0.213443
-0.213443
-0.213443
-0.213443
-0.213443
-0.213443
-0.213443
-0.213443
-0.213443
-0.213443
-0.213443
-0.213443
-0.213443
-0.213443
-0.213443
-0.213443
-0.287741
-0.105415
0.439733
0.425065
0.273096
0.010817
0.557878
-0.080800
0.138454
0.868504
2.010649
1.987640
4.641347
1.790799
0.269071
2.087268
-0.251241
-0.248268
-0.011618
2.326424
0.403099
0.244051
3.275028
2.989228
1.475054
2.113142
2.351735
0.078600
1.067909
1.067909
1.067909
1.067909
1.067909
1.067909
1.067909
1.067909
1.067909
1.067909
1.067909
1.067909
1.067909
1.067909
1.067909
1.067909
1.067909
1.067909
1.067909
1.067909
1.067909
-1.089038
-0.975649
0.444155
0.162766
0.638492
2.032963
1.764811
0.464355
2.130105
2.020561
2.656633
2.608088
3.311696
2.546112
1.625844
0.500721
-0.822475
-0.100045
-0.034795
0.362011
0.784944
1.355413
1.117431
-0.464682
-1.121025
-1.265497
0.729497
1.761087
-0.767286
-0.767286
-0.767286
-0.767286
-0.767286
-0.767286
-0.767286
-0.767286
-0.767286
-0.767286
-0.767286
-0.767286
-0.767286
-0.767286
-0.767286
-0.767286
-0.767286
-0.767286
-0.767286
-0.767286
-0.767286
-0.437573
-0.815698
-1.507864
-0.499652
-0.221538
-0.219422
0.817335
1.098516
0.413564
-1.087938
0.785613
0.356980
-1.857318
-0.083475
1.270559
0.735814
2.445411
1.967254
1.824897
2.114064
1.296735
0.785657
1.401330
0.703403
1.374336
2.149922
1.289461
1.421597
0.259726
0.259726
0.259726
0.259726
0.259726
0.259726
0.259726
0.259726
0.259726
0.259726
0.259726
0.259726
0.259726
0.259726
0.259726
0.259726
0.259726
0.259726
0.259726
0.259726
0.259726
-0.142877
0.107451
0.498973
1.253978
0.606949
0.177951
-1.629021
-0.248283
0.197141
-0.705620
-1.174125
-1.293565
0.387831
-0.233345
0.208849
-0.084976
-1.250004
1.117163
-1.054145
-0.800445
-0.507897
0.448586
-0.519373
-0.223191
0.478678
-1.402440
-2.540857
-0.705681
-0.592761
-0.592761
-0.592761
-0.592761
-0.592761
-0.592761
-0.592761
-0.592761
-0.592761
-0.592761
-0.592761
-0.592761
-0.592761
-0.592761
-0.592761
-0.592761
-0.592761
-0.592761
-0.592761
-0.592761
-0.592761
0.452316
0.227326
0.734566
1.281911
0.994833
0.881037
1.033735
-2.066687
-0.368330
0.756268
0.264476
-1.063187
-0.435622
-0.643197
-0.691063
0.387799
-0.482462
-0.792358
-0.316762
0.016624
-0.329766
-0.144994
0.883690
1.259510
0.819050
1.354600
0.512932
0.383773
-0.632472
-0.632472
-0.632472
-0.632472
-0.632472
-0.632472
-0.632472
-0.632472
-0.632472
-0.632472
-0.632472
-0.632472
-0.632472
-0.632472
-0.632472
-0.632472
-0.632472
-0.632472
-0.632472
-0.632472
-0.632472
0.820314
0.102774
-0.552134
1.329885
0.986625
-0.968501
0.555293
0.504309
-0.233041
0.025130
0.104468
0.544813
-1.590037
0.703869
0.361427
-1.773688
-2.369300
-1.571577
0.502827
-0.015418
1.177773
1.649188
0.636227
-0.313981
-0.042291
-0.534466
0.313337
0.236988
-1.519371
-1.519371
-1.519371
-1.519371
-1.519371
-1.519371
-1.519371
-1.519371
-1.519371
-1.519371
-1.519371
-1.519371
-1.519371
-1.519371
-1.519371
-1.519371
-1.519371
-1.519371
-1.519371
-1.519371
-1.519371
1.282973
-0.566713
-1.694281
0.507888
0.258803
-2.628450
-0.406485
1.069383
0.365413
-0.887250
-0.666846
-2.366563
-2.579678
-0.706521
1.025203
1.039243
-1.378120
-1.486572
-2.976306
-1.118209
-0.335336
1.311712
0.928526
-1.151816
-1.212162
-0.838557
-0.268054
-0.240257
0.830492
0.830492
0.830492
0.830492
0.830492
0.830492
0.830492
0.830492
0.830492
0.830492
0.830492
0.830492
0.830492
0.830492
0.830492
0.830492
0.830492
0.830492
0.830492
0.830492
0.830492
-0.836991
-1.229125
-0.655901
-1.347871
-1.640688
-1.017235
-1.302849
0.776063
0.955092
0.760697
-1.339028
-0.837700
1.102869
1.034039
0.505241
0.958104
2.141003
1.260205
0.688458
0.580961
1.290238
-0.617574
-0.748939
1.560132
2.118644
0.846036
1.357837
1.105826
0.318695
0.318695
0.318695
0.318695
0.318695
0.318695
0.318695
0.318695
0.318695
0.318695
0.318695
0.318695
0.318695
0.318695
0.318695
0.318695
0.318695
0.318695
0.318695
0.318695
0.318695
-1.774616
-0.710429
0.433373
-1.639538
-1.509053
-0.542520
-0.584612
0.274704
-1.141123
0.551954
-0.198047
0.279159
0.540945
0.836217
-0.203113
-1.016666
1.974541
1.966826
1.696208
0.167900
-0.553930
-0.602337
-2.217483
0.098450
2.655495
1.739691
-0.133732
-0.615956
-0.467567
-0.467567
-0.467567
-0.467567
-0.467567
-0.467567
-0.467567
-0.467567
-0.467567
-0.467567
-0.467567
-0.467567
-0.467567
-0.467567
-0.467567
-0.467567
-0.467567
-0.467567
-0.467567
-0.467567
-0.467567
0.166650
0.124730
0.130165
-0.413601
-0.726220
-0.568980
-1.224821
-1.353817
-0.488477
0.080469
-1.363455
-0.149692
-0.014128
-1.316088
-0.858668
0.080811
0.092262
-0.310541
0.071381
1.432514
-0.422642
-1.231483
0.119125
0.127620
1.262784
0.941777
1.492396
-0.467490
-0.357148
-0.357148
-0.357148
-0.357148
-0.357148
-0.357148
-0.357148
-0.357148
-0.357148
-0.357148
-0.357148
-0.357148
-0.357148
-0.357148
-0.357148
-0.357148
-0.357148
-0.357148
-0.357148
-0.357148
-0.357148
-1.407201
-0.348430
0.873727
-0.521801
-0.027979
1.141906
0.817179
-1.259528
0.285484
0.914357
-0.012258
-0.070410
0.557775
1.641731
-1.107970
0.018182
-1.979538
-1.045934
-0.268585
-0.106104
0.935189
-0.793333
0.553625
0.793541
0.612383
1.869240
0.715977
0.797602
-0.939805
-0.939805
-0.939805
-0.939805
-0.939805
-0.939805
-0.939805
-0.939805
-0.939805
-0.939805
-0.939805
-0.939805
-0.939805
-0.939805
-0.939805
-0.939805
-0.939805
-0.939805
-0.939805
-0.939805
-0.939805
0.210071
-0.120893
-0.349988
0.121524
0.014432
-1.087487
0.138647
1.002181
-0.294779
-0.450394
-0.029225
-0.303704
-0.709419
-0.019201
-0.581263
-0.677181
-0.464304
-0.679459
-0.233156
-1.174743
0.894524
-0.697764
-0.503752
-1.036356
-0.826018
0.324215
-0.417628
-0.394957
1.314256
1.314256
1.314256
1.314256
1.314256
1.314256
1.314256
1.314256
1.314256
1.314256
1.314256
1.314256
1.314256
1.314256
1.314256
1.314256
1.314256
1.314256
1.314256
1.314256
1.314256
-1.123635
-0.010495
1.333146
0.128427
0.253916
0.490109
0.457243
-0.171689
-0.526119
1.531315
1.150924
1.945788
1.750519
0.365523
-0.726894
-0.668633
0.798900
2.066379
0.963465
1.053437
-0.242975
-0.352572
-0.625925
0.825449
1.984727
0.656929
-0.112837
-0.561738
-0.764718
-0.764718
-0.764718
-0.764718
-0.764718
-0.764718
-0.764718
-0.764718
-0.764718
-0.764718
-0.764718
-0.764718
-0.764718
-0.764718
-0.764718
-0.764718
-0.764718
-0.764718
-0.764718
-0.764718
-0.764718
2.702842
1.549383
1.592237
0.816579
1.484231
1.772197
1.638834
1.765754
2.270725
2.572532
0.501240
0.780347
1.016775
1.095430
0.734441
1.914208
2.933661
1.049043
1.797722
1.049289
0.245484
0.338047
1.226002
2.145353
1.273031
1.437747
0.783404
-0.455761
0.158490
0.158490
0.158490
0.158490
0.158490
0.158490
0.158490
0.158490
0.158490
0.158490
0.158490
0.158490
0.158490
0.158490
0.158490
0.158490
0.158490
0.158490
0.158490
0.158490
0.158490
-1.463169
-0.950580
-0.020851
-1.511248
-1.021961
0.570236
-0.551770
-0.972035
-1.506694
3.258004
0.880011
1.144110
0.950674
-0.643226
-2.117366
-0.380882
1.564843
3.221969
1.447107
2.844362
0.244992
-1.970332
0.437827
-0.588836
-0.052262
-1.413499
1.266494
-0.331414
2.818187
2.818187
2.818187
2.818187
2.818187
2.818187
2.818187
2.818187
2.818187
2.818187
2.818187
2.818187
2.818187
2.818187
2.818187
2.818187
2.818187
2.818187
2.818187
2.818187
2.818187
-0.458850
-1.028638
0.254979
-0.459894
-0.152940
0.034995
1.182830
-1.416716
-1.045481
0.692083
1.090660
-0.695763
0.041270
0.100673
-1.092339
-1.726950
-0.110240
-0.275824
-1.402353
-0.828143
0.896789
-0.689919
-0.642992
0.025517
0.934796
-0.378291
0.329648
0.740383
0.503366
0.503366
0.503366
0.503366
0.503366
0.503366
0.503366
0.503366
0.503366
0.503366
0.503366
0.503366
0.503366
0.503366
0.503366
0.503366
0.503366
0.503366
0.503366
0.503366
0.503366
-0.014121
-0.593693
-0.144826
-1.196253
-1.152751
-0.798203
-0.903832
-1.142665
-1.372039
0.215731
-1.669743
-0.891876
1.131765
-1.499460
0.709465
-1.231093
-0.247555
-1.466796
1.791386
-1.025152
-1.526121
1.534368
0.248123
1.558006
-0.127943
3.910239
0.552978
-1.400939
-1.798562
-1.798562
-1.798562
-1.798562
-1.798562
-1.798562
-1.798562
-1.798562
-1.798562
-1.798562
-1.798562
-1.798562
-1.798562
-1.798562
-1.798562
-1.798562
-1.798562
-1.798562
-1.798562
-1.798562
-1.798562
0.370004
-0.219540
-0.926817
-0.629577
-0.973633
0.628188
-0.296795
-0.820965
-0.230938
-0.112875
1.582491
1.511067
0.916342
0.488504
-0.740699
-0.211286
-0.452321
0.767239
-0.151324
1.617925
0.050807
-0.704544
-0.281102
-0.342728
0.745580
-0.962965
1.573180
0.675616
2.508023
2.508023
2.508023
2.508023
2.508023
2.508023
2.508023
2.508023
2.508023
2.508023
2.508023
2.508023
2.508023
2.508023
2.508023
2.508023
2.508023
2.508023
2.508023
2.508023
2.508023
0.833446
-0.935834
-0.505181
-1.127640
-1.400890
-0.892251
-0.602910
0.672497
-0.105433
-1.065687
0.165353
-0.175894
-0.661455
-0.829667
0.741594
0.268608
-0.114791
0.503406
0.827361
1.165312
0.173043
0.577434
2.008389
1.479223
1.063442
0.697318
0.826129
0.311665
-0.114842
-0.114842
-0.114842
-0.114842
-0.114842
-0.114842
-0.114842
-0.114842
-0.114842
-0.114842
-0.114842
-0.114842
-0.114842
-0.114842
-0.114842
-0.114842
-0.114842
-0.114842
-0.114842
-0.114842
-0.114842
1.270137
1.080066
0.448509
1.535246
0.724844
0.320194
0.354271
0.635121
0.265572
-0.962655
-0.151061
-2.398693
-1.502987
-0.849313
0.999008
1.029735
1.111690
-0.657351
-0.791473
-1.759614
-0.507350
0.849894
1.305842
0.692426
-0.624030
-0.920723
-1.534449
-0.300246
-0.913405
-0.913405
-0.913405
-0.913405
-0.913405
-0.913405
-0.913405
-0.913405
-0.913405
-0.913405
-0.913405
-0.913405
-0.913405
-0.913405
-0.913405
-0.913405
-0.913405
-0.913405
-0.913405
-0.913405
-0.913405
0.041494
0.870551
-0.424582
1.144994
1.094249
0.814005
1.273567
0.529971
0.664823
1.565904
1.619843
1.932075
1.317423
0.974240
0.735100
1.830240
2.786084
2.004307
2.700767
2.760283
0.931469
0.089393
0.998151
2.187998
2.515710
2.692578
1.856590
0.626117
0.843610
0.843610
0.843610
0.843610
0.843610
0.843610
0.843610
0.843610
0.843610
0.843610
0.843610
0.843610
0.843610
0.843610
0.843610
0.843610
0.843610
0.843610
0.843610
0.843610
0.843610
-1.729551
-0.196143
-1.214583
0.678903
0.901582
0.656584
-0.136670
-1.176821
-0.922968
-0.865490
-1.816681
-0.359033
1.002349
-0.097728
-0.796104
0.506524
-0.182506
-1.301356
-1.277290
1.174132
-0.238627
-0.356436
0.268740
0.331936
-1.307447
1.130314
1.717788
-0.116210
-0.701901
-0.701901
-0.701901
-0.701901
-0.701901
-0.701901
-0.701901
-0.701901
-0.701901
-0.701901
-0.701901
-0.701901
-0.701901
-0.701901
-0.701901
-0.701901
-0.701901
-0.701901
-0.701901
-0.701901
-0.701901
-0.366102
-1.602385
-1.048188
-1.408911
-1.892700
-0.989798
-2.307258
-1.242324
-0.081128
1.029485
0.198144
-0.127268
2.206360
-0.417815
-1.493228
0.647436
2.035014
1.748164
0.335230
0.547477
-0.878571
-0.688885
0.746969
1.420404
0.605288
0.675851
-0.027972
0.094694
-0.437260
-0.437260
-0.437260
-0.437260
-0.437260
-0.437260
-0.437260
-0.437260
-0.437260
-0.437260
-0.437260
-0.437260
-0.437260
-0.437260
-0.437260
-0.437260
-0.437260
-0.437260
-0.437260
-0.437260
-0.437260
0.087837
0.664787
2.295349
1.103696
0.742700
-0.317419
0.028941
0.878179
0.455811
1.221773
1.395837
1.635679
1.869859
0.211167
0.396783
-0.257268
-2.161505
-1.880938
-2.523043
-0.268589
0.759119
0.105531
0.748561
0.064907
-1.305720
-2.040023
1.263124
0.555140
-0.603440
-0.603440
-0.603440
-0.603440
-0.603440
-0.603440
-0.603440
-0.603440
-0.603440
-0.603440
-0.603440
-0.603440
-0.603440
-0.603440
-0.603440
-0.603440
-0.603440
-0.603440
-0.603440
-0.603440
-0.603440
-0.643393
-0.195169
-0.313676
-0.114850
-0.167037
-0.318918
-0.248341
0.054811
-0.617045
-0.801687
1.628660
0.908937
-0.609407
0.076749
0.000365
0.557192
1.782819
0.783170
2.090787
0.258810
0.688592
0.458554
0.626145
1.551766
1.479177
1.754076
-0.111210
0.086921
1.341766
1.341766
1.341766
1.341766
1.341766
1.341766
1.341766
1.341766
1.341766
1.341766
1.341766
1.341766
1.341766
1.341766
1.341766
1.341766
1.341766
1.341766
1.341766
1.341766
1.341766
0.478654
0.301770
1.071090
0.482973
0.106209
-0.250609
-0.664830
0.929568
2.358397
2.237512
1.739010
0.471731
0.990647
-0.035720
-0.612681
0.949903
-0.076666
0.140748
-0.044797
-0.113788
-1.094254
-0.282173
0.642261
-0.054575
0.239545
0.730019
0.722900
-0.155744
-1.354325
-1.354325
-1.354325
-1.354325
-1.354325
-1.354325
-1.354325
-1.354325
-1.354325
-1.354325
-1.354325
-1.354325
-1.354325
-1.354325
-1.354325
-1.354325
-1.354325
-1.354325
-1.354325
-1.354325
-1.354325
0.355978
2.002418
2.315231
2.803937
2.212020
1.535944
0.882839
1.307808
-0.343279
0.246336
2.224752
0.921996
-0.589029
-0.358937
1.444032
0.281050
0.286778
3.008429
1.710202
-1.110965
-0.440599
0.233007
-0.147605
-0.079500
1.818079
0.186669
-1.433152
-0.598485
-0.212636
-0.212636
-0.212636
-0.212636
-0.212636
-0.212636
-0.212636
-0.212636
-0.212636
-0.212636
-0.212636
-0.212636
-0.212636
-0.212636
-0.212636
-0.212636
-0.212636
-0.212636
-0.212636
-0.212636
-0.212636
0.540880
-0.954297
-1.038457
-0.129719
-0.458783
-1.516657
0.885265
-0.104119
-1.109688
-0.212311
-0.381179
-0.321594
-0.008318
-0.268826
0.608780
-0.825260
-0.415164
1.263583
1.004654
0.375771
0.307542
0.775347
0.698864
0.622451
0.432511
0.337944
0.272626
-0.190883
-0.503386
-0.503386
-0.503386
-0.503386
-0.503386
-0.503386
-0.503386
-0.503386
-0.503386
-0.503386
-0.503386
-0.503386
-0.503386
-0.503386
-0.503386
-0.503386
-0.503386
-0.503386
-0.503386
-0.503386
-0.503386
-1.565942
-0.228658
0.056127
-1.488870
-1.096838
-1.370477
-0.449255
-2.263164
-0.722638
2.097759
0.259563
0.456075
-0.405173
-0.638577
-0.900877
-1.914249
0.976869
1.333304
1.191522
-0.709208
-1.110493
-0.574033
-0.624236
-0.030782
0.215550
0.253508
-1.324368
-1.378030
1.890863
1.890863
1.890863
1.890863
1.890863
1.890863
1.890863
1.890863
1.890863
1.890863
1.890863
1.890863
1.890863
1.890863
1.890863
1.890863
1.890863
1.890863
1.890863
1.890863
1.890863
0.260377
-0.429212
0.180748
-0.394945
-1.335820
-0.763063
-0.644589
1.236873
-0.192866
-0.604409
-0.428372
-0.664556
-2.078517
-0.383508
0.593391
-0.831347
0.771870
-0.538401
-0.676367
-0.608885
0.055102
0.872651
0.935835
1.277335
1.437246
0.776976
0.622631
-0.051765
-1.750988
-1.750988
-1.750988
-1.750988
-1.750988
-1.750988
-1.750988
-1.750988
-1.750988
-1.750988
-1.750988
-1.750988
-1.750988
-1.750988
-1.750988
-1.750988
-1.750988
-1.750988
-1.750988
-1.750988
-1.750988
-0.277799
0.103928
1.916155
1.524937
0.841925
1.154867
0.583402
-0.884383
-0.157545
2.115976
2.115186
1.631742
2.719064
1.655190
0.468877
-0.418139
1.293889
1.804629
1.397016
2.177275
1.210090
0.678813
-0.805791
0.354219
0.193012
1.319708
0.816217
-0.322698
-0.550038
-0.550038
-0.550038
-0.550038
-0.550038
-0.550038
-0.550038
-0.550038
-0.550038
-0.550038
-0.550038
-0.550038
-0.550038
-0.550038
-0.550038
-0.550038
-0.550038
-0.550038
-0.550038
-0.550038
-0.550038
-1.211497
-0.834286
-0.448568
-2.011175
-2.259741
-0.268646
-2.174174
-0.581426
0.757648
1.449830
0.506740
0.201782
0.761372
-0.760478
0.774552
0.167293
0.668831
1.140168
0.989386
-0.410971
-0.705341
0.590363
0.492571
1.207456
0.514386
2.238303
1.034542
0.322608
1.567722
1.567722
1.567722
1.567722
1.567722
1.567722
1.567722
1.567722
1.567722
1.567722
1.567722
1.567722
1.567722
1.567722
1.567722
1.567722
1.567722
1.567722
1.567722
1.567722
1.567722
-0.853614
0.099739
0.269076
-0.120613
0.462303
0.154382
-0.100646
-0.482533
0.143771
1.503932
-0.544127
1.286500
1.510543
1.178254
1.116404
0.668727
2.209381
0.305584
1.327932
1.054346
1.143290
1.649439
1.057735
0.044763
1.172695
1.222263
1.075149
0.473392
-1.897483
-1.897483
-1.897483
-1.897483
-1.897483
-1.897483
-1.897483
-1.897483
-1.897483
-1.897483
-1.897483
-1.897483
-1.897483
-1.897483
-1.897483
-1.897483
-1.897483
-1.897483
-1.897483
-1.897483
-1.897483
-0.439305
-0.364696
-0.542782
-0.895104
-0.455120
-0.752290
-1.479316
0.162889
-0.464791
-0.833706
-2.598522
-0.993260
-2.023577
0.418804
-0.243328
0.012017
-2.418513
-2.068055
-1.527544
-0.323338
0.834950
-0.506260
-0.500118
-1.645862
-0.772217
-2.398565
1.244719
1.362793
0.987692
0.987692
0.987692
0.987692
0.987692
0.987692
0.987692
0.987692
0.987692
0.987692
0.987692
0.987692
0.987692
0.987692
0.987692
0.987692
0.987692
0.987692
0.987692
0.987692
0.987692
-1.144918
-1.054189
-2.126889
-0.761933
-0.771999
-1.826127
-0.892395
-1.082200
-1.254766
-2.113384
-2.711930
-1.745266
-3.656989
-0.727465
-0.701319
-1.574766
-2.525332
-2.496049
-1.223894
-0.965476
-0.650954
-0.333522
-1.452754
-1.909301
-0.581401
-1.365648
-0.521599
-0.187450
0.067062
0.067062
0.067062
0.067062
0.067062
0.067062
0.067062
0.067062
0.067062
0.067062
0.067062
0.067062
0.067062
0.067062
0.067062
0.067062
0.067062
0.067062
0.067062
0.067062
0.067062
1.693136
2.438834
1.482202
1.369632
1.125156
-0.279829
1.207325
1.603516
0.706829
-0.503293
1.254759
-0.068959
-1.755784
-0.082111
0.808711
0.216993
3.237708
3.579161
1.904499
0.811948
-0.030734
-0.364395
-1.157465
0.998009
1.142523
1.257027
0.101406
-0.230476
0.142189
0.142189
0.142189
0.142189
0.142189
0.142189
0.142189
0.142189
0.142189
0.142189
0.142189
0.142189
0.142189
0.142189
0.142189
0.142189
0.142189
0.142189
0.142189
0.142189
0.142189
-0.125646
-0.012868
0.935736
-1.704625
-1.494503
0.551633
-0.276204
-0.963724
0.265045
0.173742
-1.501611
-1.340105
-0.908691
-1.321957
-1.413929
-0.642941
-0.488572
-1.896682
-1.772861
-1.820628
-1.735756
-1.284681
-0.273646
-0.531890
-2.141371
-0.727733
-0.342071
-0.816790
-0.104049
-0.104049
-0.104049
-0.104049
-0.104049
-0.104049
-0.104049
-0.104049
-0.104049
-0.104049
-0.104049
-0.104049
-0.104049
-0.104049
-0.104049
-0.104049
-0.104049
-0.104049
-0.104049
-0.104049
-0.104049
0.045748
0.699589
0.249438
0.292992
0.288627
0.064001
-0.372213
0.924977
0.706026
0.802345
1.666199
0.181263
0.866967
0.608708
0.647249
0.807549
0.254793
1.680060
0.033071
0.401820
0.603356
-0.231954
1.299230
1.103581
1.251140
0.246573
1.275185
0.789438
2.783899
2.783899
2.783899
2.783899
2.783899
2.783899
2.783899
2.783899
2.783899
2.783899
2.783899
2.783899
2.783899
2.783899
2.783899
2.783899
2.783899
2.783899
2.783899
2.783899
2.783899
-0.159043
-1.182528
-1.423703
-0.450541
-1.323877
-0.743448
-0.607452
-0.933643
-1.317030
-2.857272
-1.842743
-1.339486
-1.302552
-1.023340
-1.259346
-1.180640
-3.251896
-2.385712
-4.030231
-1.384523
-1.587376
-1.583288
-1.722814
-1.396183
-1.176372
-3.633497
-1.202898
-1.750267
-0.595770
-0.595770
-0.595770
-0.595770
-0.595770
-0.595770
-0.595770
-0.595770
-0.595770
-0.595770
-0.595770
-0.595770
-0.595770
-0.595770
-0.595770
-0.595770
-0.595770
-0.595770
-0.595770
-0.595770
-0.595770
1.054530
0.869441
1.155440
0.343453
0.668485
0.548084
1.695143
0.474346
1.291903
2.600761
2.126486
1.012236
1.404416
0.884529
-0.420370
0.515769
0.083773
0.372008
1.309052
1.396276
0.244088
0.024001
-0.132621
0.047861
1.300128
1.251957
1.117723
-0.026848
-0.220619
-0.220619
-0.220619
-0.220619
-0.220619
-0.220619
-0.220619
-0.220619
-0.220619
-0.220619
-0.220619
-0.220619
-0.220619
-0.220619
-0.220619
-0.220619
-0.220619
-0.220619
-0.220619
-0.220619
-0.220619
0.459000
0.397817
-1.084100
0.381081
0.188786
-0.483615
0.058398
0.223479
0.274197
-0.800825
0.420917
0.740015
-0.446340
0.216035
0.383912
0.165082
-1.441054
-0.533392
-1.059132
-1.033716
0.592763
-0.234074
-1.122057
-2.220081
-2.206546
-2.721302
-1.729545
0.068717
0.370416
0.370416
0.370416
0.370416
0.370416
0.370416
0.370416
0.370416
0.370416
0.370416
0.370416
0.370416
0.370416
0.370416
0.370416
0.370416
0.370416
0.370416
0.370416
0.370416
0.370416
0.326874
0.420952
3.835284
2.876562
1.781921
1.271176
1.271053
1.010101
-0.656841
2.243737
0.661331
0.550230
0.890284
0.302302
1.250998
-0.831897
0.111989
-0.940450
-0.753368
-0.841890
-0.659040
0.695638
-1.107233
-0.553643
1.219593
-0.874731
-2.018068
-1.225575
1.429843
1.429843
1.429843
1.429843
1.429843
1.429843
1.429843
1.429843
1.429843
1.429843
1.429843
1.429843
1.429843
1.429843
1.429843
1.429843
1.429843
1.429843
1.429843
1.429843
1.429843
0.220860
1.110844
0.944378
0.287272
0.976788
1.043875
1.793941
0.116322
0.797150
1.181316
0.981449
3.145532
3.009688
1.527353
-0.401897
1.270833
1.527395
3.782257
2.997769
2.734893
1.809646
-0.271729
0.719444
0.812179
1.939136
2.647117
1.928125
0.988284
0.074320
0.074320
0.074320
0.074320
0.074320
0.074320
0.074320
0.074320
0.074320
0.074320
0.074320
0.074320
0.074320
0.074320
0.074320
0.074320
0.074320
0.074320
0.074320
0.074320
0.074320
-0.453398
-0.941922
-2.301661
-0.873128
-0.609414
1.570629
0.884164
-0.048214
-0.909831
-3.593233
-1.628288
-0.971707
-0.493230
-0.115635
-0.817092
-1.207173
-2.968179
-2.905731
-2.147545
-2.346725
-2.366838
-0.799813
0.741408
-1.259307
-1.933771
-2.614368
-1.364577
-1.308173
-0.285008
-0.285008
-0.285008
-0.285008
-0.285008
-0.285008
-0.285008
-0.285008
-0.285008
-0.285008
-0.285008
-0.285008
-0.285008
-0.285008
-0.285008
-0.285008
-0.285008
-0.285008
-0.285008
-0.285008
-0.285008
-1.842588
-0.341042
1.468542
1.204717
1.195358
2.002828
-0.560008
0.366944
1.851893
2.732640
2.438312
1.248511
1.717586
0.386166
2.734624
3.282233
0.927328
0.896057
0.691322
0.763381
0.453871
0.997888
0.686667
-0.276529
0.682298
-0.316659
0.465278
0.950008
-0.199218
-0.199218
-0.199218
-0.199218
-0.199218
-0.199218
-0.199218
-0.199218
-0.199218
-0.199218
-0.199218
-0.199218
-0.199218
-0.199218
-0.199218
-0.199218
-0.199218
-0.199218
-0.199218
-0.199218
-0.199218
-0.718937
-2.325114
-1.172322
-1.191469
-0.436720
-0.275497
-0.300627
0.469172
-0.784739
-0.853200
0.204363
0.224883
-0.262768
-1.301014
0.122343
-1.629426
-2.109714
-0.230471
-2.082937
-0.994126
-0.660120
0.397472
-1.023774
-1.305769
-1.043501
-2.686045
-0.070213
-0.455968
-0.059042
-0.059042
-0.059042
-0.059042
-0.059042
-0.059042
-0.059042
-0.059042
-0.059042
-0.059042
-0.059042
-0.059042
-0.059042
-0.059042
-0.059042
-0.059042
-0.059042
-0.059042
-0.059042
-0.059042
-0.059042
0.884510
-0.402413
0.493211
-0.602437
-0.784802
-1.098501
-1.625116
-0.512221
-0.596640
1.128676
-0.662498
-0.931019
0.627654
-0.936520
-0.266528
-0.438166
-0.636844
-1.462019
-2.427855
-0.848808
-1.306116
-0.625718
-1.383244
-1.700501
-0.824476
-2.490502
-1.961002
-2.063124
0.371830
0.371830
0.371830
0.371830
0.371830
0.371830
0.371830
0.371830
0.371830
0.371830
0.371830
0.371830
0.371830
0.371830
0.371830
0.371830
0.371830
0.371830
0.371830
0.371830
0.371830
-1.256433
-1.132097
-1.171923
-1.124824
-0.865155
-0.566909
0.026299
1.755320
0.455716
0.349483
2.277323
1.136262
-0.984000
0.390023
2.526272
1.440237
2.571374
3.614336
2.329081
-0.350566
0.219668
1.908284
0.908944
1.132135
2.716496
1.480834
-0.523504
-0.420829
-0.150773
-0.150773
-0.150773
-0.150773
-0.150773
-0.150773
-0.150773
-0.150773
-0.150773
-0.150773
-0.150773
-0.150773
-0.150773
-0.150773
-0.150773
-0.150773
-0.150773
-0.150773
-0.150773
-0.150773
-0.150773
0.351841
2.297680
2.514008
1.721831
1.994006
1.525483
0.149501
-0.788106
1.694167
2.279419
1.624905
1.338376
2.271005
0.034098
-0.549598
0.897859
0.348370
1.075047
0.557259
0.060878
-0.571872
-0.580941
0.293328
0.036341
-0.937473
0.646134
0.603126
-0.190240
0.287982
0.287982
0.287982
0.287982
0.287982
0.287982
0.287982
0.287982
0.287982
0.287982
0.287982
0.287982
0.287982
0.287982
0.287982
0.287982
0.287982
0.287982
0.287982
0.287982
0.287982
-0.478145
0.247697
0.027007
-1.022537
-0.387974
0.219068
-0.008564
1.144327
1.530613
1.246631
0.644611
-0.196745
1.607556
0.429776
1.564840
2.276030
2.483746
1.147216
1.253283
0.904257
0.016571
0.385734
0.584335
1.809610
1.438047
1.695756
-1.154805
-1.255756
-0.287328
-0.287328
-0.287328
-0.287328
-0.287328
-0.287328
-0.287328
-0.287328
-0.287328
-0.287328
-0.287328
-0.287328
-0.287328
-0.287328
-0.287328
-0.287328
-0.287328
-0.287328
-0.287328
-0.287328
-0.287328
-1.174978
-2.087879
-0.370218
-0.687331
-0.171395
-0.095179
-1.600306
-0.364877
-0.994367
-0.286306
-1.441583
-0.752068
0.750889
-0.503096
-0.332356
-0.139495
-0.365949
-0.761158
-0.571935
0.064803
0.308050
-0.170005
0.012044
-0.278585
-0.558778
1.478745
0.568403
1.000085
1.263201
1.263201
1.263201
1.263201
1.263201
1.263201
1.263201
1.263201
1.263201
1.263201
1.263201
1.263201
1.263201
1.263201
1.263201
1.263201
1.263201
1.263201
1.263201
1.263201
1.263201
-0.842317
0.279071
-0.601458
-0.827467
-0.434887
-0.762388
-0.086294
0.194151
0.054179
-0.499171
0.172166
0.374000
-2.574079
-0.246095
1.190029
0.600839
-0.447517
-0.996132
-0.659917
-0.216110
0.151905
0.581049
0.591727
0.683652
0.686443
-0.811639
0.483461
0.901133
1.654242
1.654242
1.654242
1.654242
1.654242
1.654242
1.654242
1.654242
1.654242
1.654242
1.654242
1.654242
1.654242
1.654242
1.654242
1.654242
1.654242
1.654242
1.654242
1.654242
1.654242
0.142572
-0.339231
-0.094000
-1.258065
-1.339769
-0.028525
-0.173712
-1.326368
-0.273539
-1.029025
0.529562
-0.650144
0.810410
0.732953
-0.720772
-0.655906
1.085542
3.100288
0.659380
-0.285546
-0.506939
-0.234789
0.202064
0.958419
2.276745
1.658784
0.890144
0.295370
0.988166
0.988166
0.988166
0.988166
0.988166
0.988166
0.988166
0.988166
0.988166
0.988166
0.988166
0.988166
0.988166
0.988166
0.988166
0.988166
0.988166
0.988166
0.988166
0.988166
0.988166
0.785873
0.592665
-0.972970
0.280550
0.199760
0.715259
0.948970
3.371671
3.262074
0.916339
0.187094
-0.176036
1.949229
1.692714
2.746886
2.483900
0.442386
-0.361403
-0.019469
-0.077855
1.157739
2.178544
1.431389
0.081654
-1.887998
-0.161128
0.323772
0.760897
-1.927230
-1.927230
-1.927230
-1.927230
-1.927230
-1.927230
-1.927230
-1.927230
-1.927230
-1.927230
-1.927230
-1.927230
-1.927230
-1.927230
-1.927230
-1.927230
-1.927230
-1.927230
-1.927230
-1.927230
-1.927230
2.585446
2.746198
2.185947
2.502394
3.415851
1.661914
1.948026
1.342197
2.059289
2.244223
1.194602
1.936865
3.561383
2.199824
0.804731
1.039260
1.087687
-1.537861
0.991181
1.891302
1.376848
0.589317
0.134529
0.833590
0.314647
2.212671
0.428896
0.394675
-1.216142
-1.216142
-1.216142
-1.216142
-1.216142
-1.216142
-1.216142
-1.216142
-1.216142
-1.216142
-1.216142
-1.216142
-1.216142
-1.216142
-1.216142
-1.216142
-1.216142
-1.216142
-1.216142
-1.216142
-1.216142
0.668738
-0.996913
0.053431
-1.445539
-0.063289
0.010068
1.924160
1.150078
-0.499647
-1.220426
-2.406319
-0.565392
-1.950097
0.245381
1.340282
-1.410935
-3.160719
-0.214292
-0.690258
-2.468848
0.126671
1.484772
-0.938782
-1.959497
0.489250
1.050624
-1.071057
0.862047
3.576796
3.576796
3.576796
3.576796
3.576796
3.576796
3.576796
3.576796
3.576796
3.576796
3.576796
3.576796
3.576796
3.576796
3.576796
3.576796
3.576796
3.576796
3.576796
3.576796
3.576796
1.376411
0.024119
-0.474413
1.534217
2.056036
2.702799
1.892069
1.857747
0.210221
-3.083714
-0.610013
-1.218637
-0.962002
0.382282
0.566031
-0.580384
0.199168
0.827036
-0.471698
-1.462077
-0.136962
0.783458
-1.259589
-0.428924
-0.239991
-0.482258
-1.477749
-0.547784
-1.507635
-1.507635
-1.507635
-1.507635
-1.507635
-1.507635
-1.507635
-1.507635
-1.507635
-1.507635
-1.507635
-1.507635
-1.507635
-1.507635
-1.507635
-1.507635
-1.507635
-1.507635
-1.507635
-1.507635
-1.507635
-0.692212
-0.822833
0.835704
4.119102
2.498869
0.645691
-0.411440
-1.134935
-1.399679
-0.166459
2.061113
2.055309
1.333228
0.906315
-0.055892
-0.390113
0.130934
0.784129
1.409923
1.132885
0.923145
0.815919
-0.481494
-0.738946
-1.387034
-0.841500
0.277012
0.796997
0.983532
0.983532
0.983532
0.983532
0.983532
0.983532
0.983532
0.983532
0.983532
0.983532
0.983532
0.983532
0.983532
0.983532
0.983532
0.983532
0.983532
0.983532
0.983532
0.983532
0.983532
0.378273
-0.353547
-0.499873
0.200986
0.665105
0.368225
1.274533
0.443824
-0.254610
-1.143083
-0.382432
-0.001978
0.143744
1.234211
-0.063011
-0.925529
0.151329
0.041070
-0.137750
1.031076
1.278057
-0.499451
-0.626954
-0.231168
0.373406
0.855458
0.536016
0.586004
1.161160
1.161160
1.161160
1.161160
1.161160
1.161160
1.161160
1.161160
1.161160
1.161160
1.161160
1.161160
1.161160
1.161160
1.161160
1.161160
1.161160
1.161160
1.161160
1.161160
1.161160
-1.353475
-0.299688
-0.788677
-2.281927
-1.296881
-0.797242
-0.679789
-0.246360
0.814688
0.105287
-3.421392
-0.750161
-0.967396
0.336686
1.289950
1.574248
0.009748
-3.235345
-0.355034
-0.352152
0.928724
1.576850
0.019409
-0.055251
-0.623556
-0.348248
-0.179045
1.912601
2.807052
2.807052
2.807052
2.807052
2.807052
2.807052
2.807052
2.807052
2.807052
2.807052
2.807052
2.807052
2.807052
2.807052
2.807052
2.807052
2.807052
2.807052
2.807052
2.807052
2.807052
0.545094
-0.111305
-1.388075
-2.596648
-1.626314
-0.965180
1.048526
-1.755628
-1.920710
-2.825061
-3.150332
-2.081144
-0.465429
-0.039245
-1.678175
-2.697817
-1.539800
-2.857647
-1.604005
-1.821137
-0.892408
-1.184787
-0.991962
-0.475508
-1.537859
-0.576452
-1.133495
-0.657986
-0.866715
-0.866715
-0.866715
-0.866715
-0.866715
-0.866715
-0.866715
-0.866715
-0.866715
-0.866715
-0.866715
-0.866715
-0.866715
-0.866715
-0.866715
-0.866715
-0.866715
-0.866715
-0.866715
-0.866715
-0.866715
-1.408327
-1.019837
-0.986328
-1.409600
-1.507277
-0.286423
-1.067515
-1.274270
-0.425481
1.696790
0.876495
1.168030
0.435229
-1.538289
-1.121263
0.041014
2.466170
2.981974
2.642795
1.129115
-2.130560
-1.036208
-1.387726
-0.598710
-0.790901
-0.194714
-1.506546
-2.289054
-1.069616
-1.069616
-1.069616
-1.069616
-1.069616
-1.069616
-1.069616
-1.069616
-1.069616
-1.069616
-1.069616
-1.069616
-1.069616
-1.069616
-1.069616
-1.069616
-1.069616
-1.069616
-1.069616
-1.069616
-1.069616
-2.470569
-1.567408
-1.347141
-0.397027
-0.678278
-0.146080
-0.413023
-1.662712
0.272169
0.573179
1.420061
1.745601
1.522503
-0.865270
-1.229281
-0.017530
1.697244
1.285123
2.910574
2.071196
0.084304
-0.083953
1.431255
1.008545
0.836862
2.770247
1.878707
1.074336
0.102907
0.102907
0.102907
0.102907
0.102907
0.102907
0.102907
0.102907
0.102907
0.102907
0.102907
0.102907
0.102907
0.102907
0.102907
0.102907
0.102907
0.102907
0.102907
0.102907
0.102907
-0.136914
-1.037456
-0.808948
-1.048424
-0.910003
-1.008363
-0.475793
0.750793
-0.060100
-0.829523
-0.499907
-0.125221
-2.022751
-1.651701
-0.168770
0.541803
-0.390530
-1.599519
-1.012043
-0.713055
-1.593614
-0.004528
0.022072
-0.040492
-0.709212
-0.962101
-0.628929
-1.127975
1.931244
1.931244
1.931244
1.931244
1.931244
1.931244
1.931244
1.931244
1.931244
1.931244
1.931244
1.931244
1.931244
1.931244
1.931244
1.931244
1.931244
1.931244
1.931244
1.931244
1.931244
0.989983
2.001189
2.425524
-0.163135
-0.197502
0.444207
-1.775764
-0.259569
1.828767
2.994346
0.295867
0.272914
1.032116
-1.211041
-0.441560
1.599688
3.750355
2.908634
2.260011
2.170088
-0.826566
-2.504467
-0.566417
1.514685
2.118310
1.565446
0.872835
-2.112609
-0.509873
-0.509873
-0.509873
-0.509873
-0.509873
-0.509873
-0.509873
-0.509873
-0.509873
-0.509873
-0.509873
-0.509873
-0.509873
-0.509873
-0.509873
-0.509873
-0.509873
-0.509873
-0.509873
-0.509873
-0.509873
-0.553925
0.391167
0.955395
-0.338445
0.107352
1.540515
-0.284802
-0.906448
0.011338
1.885132
-0.351056
0.433406
2.245666
0.744725
-1.367585
0.162672
1.789491
0.886277
0.323780
1.915304
0.275231
-1.343312
0.301379
1.004369
-0.502275
-0.616616
0.658319
-0.155698
1.209172
1.209172
1.209172
1.209172
1.209172
1.209172
1.209172
1.209172
1.209172
1.209172
1.209172
1.209172
1.209172
1.209172
1.209172
1.209172
1.209172
1.209172
1.209172
1.209172
1.209172
-1.008674
-1.207209
-0.739804
-0.300530
-0.706603
-1.991729
-0.571383
0.149189
0.491145
0.390444
0.612206
0.966255
-0.785619
0.489793
0.003715
0.158052
-0.532871
-0.415986
1.305305
0.232697
0.547792
-0.735680
0.121806
0.941412
2.045679
2.649734
1.444126
1.508295
1.151473
1.151473
1.151473
1.151473
1.151473
1.151473
1.151473
1.151473
1.151473
1.151473
1.151473
1.151473
1.151473
1.151473
1.151473
1.151473
1.151473
1.151473
1.151473
1.151473
1.151473
-1.538925
-0.955003
0.362299
-1.405128
-1.353790
-0.738142
-0.550420
-1.161861
-0.029448
2.924446
-0.469683
0.386156
1.977381
-0.232260
-0.573457
2.054709
2.544943
1.462702
2.138791
1.778111
-0.037858
-0.245794
1.754475
1.965830
1.194168
1.674896
0.429271
0.098103
-0.091538
-0.091538
-0.091538
-0.091538
-0.091538
-0.091538
-0.091538
-0.091538
-0.091538
-0.091538
-0.091538
-0.091538
-0.091538
-0.091538
-0.091538
-0.091538
-0.091538
-0.091538
-0.091538
-0.091538
-0.091538
0.868673
-1.087507
-2.178672
1.031603
-0.001217
-0.956269
-0.996291
0.557362
0.605957
-0.339660
0.556181
0.713082
-0.427146
-0.539817
0.576027
1.307710
1.383203
-0.639162
1.278833
0.802800
0.714403
0.239058
2.909955
3.012946
1.270958
3.576773
2.954365
0.860935
-1.475856
-1.475856
-1.475856
-1.475856
-1.475856
-1.475856
-1.475856
-1.475856
-1.475856
-1.475856
-1.475856
-1.475856
-1.475856
-1.475856
-1.475856
-1.475856
-1.475856
-1.475856
-1.475856
-1.475856
-1.475856
0.152836
1.268812
-0.600591
0.743705
0.340151
0.239878
0.401118
-0.201056
0.200153
-0.728570
-0.149165
0.436533
-0.745078
0.427186
0.132298
0.606417
0.378017
-0.445311
-0.652153
1.016117
1.275098
0.903668
1.039499
-0.943561
-1.426323
-2.059649
0.067631
0.811464
1.930906
1.930906
1.930906
1.930906
1.930906
1.930906
1.930906
1.930906
1.930906
1.930906
1.930906
1.930906
1.930906
1.930906
1.930906
1.930906
1.930906
1.930906
1.930906
1.930906
1.930906
-2.838923
-0.903089
-1.428621
-1.500781
-1.002697
-0.723514
-0.862542
-1.921615
0.136451
-2.668565
0.051484
0.108152
-1.424476
-1.240688
-0.544042
-0.122695
-1.295426
0.212092
-1.300913
-2.065824
-1.463703
-0.341858
1.015308
-0.644444
-0.303263
-1.582766
-0.620304
-1.027407
0.288924
0.288924
0.288924
0.288924
0.288924
0.288924
0.288924
0.288924
0.288924
0.288924
0.288924
0.288924
0.288924
0.288924
0.288924
0.288924
0.288924
0.288924
0.288924
0.288924
0.288924
1.084180
-0.415372
-0.216539
0.502463
0.421391
1.752640
-0.179677
0.451172
-0.792768
-1.576886
-0.309679
-0.244951
1.050357
0.685481
0.219872
-0.632469
-0.683278
-0.437756
-0.125326
-1.414821
0.333561
0.627438
-0.030441
0.961232
-0.900230
1.488737
0.456018
1.032377
1.374335
1.374335
1.374335
1.374335
1.374335
1.374335
1.374335
1.374335
1.374335
1.374335
1.374335
1.374335
1.374335
1.374335
1.374335
1.374335
1.374335
1.374335
1.374335
1.374335
1.374335
-0.121523
-0.502354
-1.393806
-0.906449
-0.234491
-0.321646
0.117053
1.205614
0.084315
-1.273643
-1.179656
-1.559722
-2.170572
-0.005823
1.965412
0.300053
-1.952384
-1.186645
-1.052804
-0.956893
0.494717
1.253416
-1.026594
-0.917984
0.154145
-0.343381
-0.552588
0.023042
-1.295289
-1.295289
-1.295289
-1.295289
-1.295289
-1.295289
-1.295289
-1.295289
-1.295289
-1.295289
-1.295289
-1.295289
-1.295289
-1.295289
-1.295289
-1.295289
-1.295289
-1.295289
-1.295289
-1.295289
-1.295289
-2.696832
-2.172075
-1.293460
-2.171852
-2.364868
-0.217878
-1.110718
-1.543777
-0.413215
-1.420217
-0.755565
-0.366396
-0.221826
-0.422811
-1.017169
0.382563
0.315247
1.263593
0.761360
-0.484925
-0.426046
-0.931027
-0.673500
0.069643
0.238511
0.045885
-1.476432
-0.972269
0.431777
0.431777
0.431777
0.431777
0.431777
0.431777
0.431777
0.431777
0.431777
0.431777
0.431777
0.431777
0.431777
0.431777
0.431777
0.431777
0.431777
0.431777
0.431777
0.431777
0.431777
1.237082
0.829665
1.871690
0.600332
0.129217
0.560553
-0.251725
0.404958
-0.705245
0.764642
1.926987
1.838154
1.503179
0.032770
0.550491
-0.567423
0.784328
1.743766
0.917888
1.592630
0.243151
0.417665
0.881843
1.722178
0.671119
1.291597
2.129058
1.214649
-0.092017
-0.092017
-0.092017
-0.092017
-0.092017
-0.092017
-0.092017
-0.092017
-0.092017
-0.092017
-0.092017
-0.092017
-0.092017
-0.092017
-0.092017
-0.092017
-0.092017
-0.092017
-0.092017
-0.092017
-0.092017
-2.124449
-1.753651
-1.473478
-3.634862
-2.699157
-2.007968
-1.962606
-1.390998
-1.121773
-0.234685
-1.635697
0.206198
-1.167836
-0.612454
-1.711535
-0.821153
1.525742
1.342548
3.117749
0.952620
-0.033172
-1.540302
-0.727715
1.427384
1.602500
2.536713
1.214992
-0.172241
0.015162
0.015162
0.015162
0.015162
0.015162
0.015162
0.015162
0.015162
0.015162
0.015162
0.015162
0.015162
0.015162
0.015162
0.015162
0.015162
0.015162
0.015162
0.015162
0.015162
0.015162
-2.333806
-1.682580
-0.892790
-1.693037
-1.434609
-1.004719
-1.855294
-2.569009
-0.075300
1.011062
-0.124625
0.961682
-1.555108
-1.810066
-3.130556
-0.509824
0.006086
1.520653
2.093883
0.882249
-1.734851
-2.410344
0.413462
1.088501
1.808661
1.352002
0.166548
-1.056531
1.109975
1.109975
1.109975
1.109975
1.109975
1.109975
1.109975
1.109975
1.109975
1.109975
1.109975
1.109975
1.109975
1.109975
1.109975
1.109975
1.109975
1.109975
1.109975
1.109975
1.109975
-0.322352
-0.059908
-0.057175
0.349687
-0.011263
-0.691851
-0.226526
0.680196
2.092139
1.460153
1.763117
1.494712
0.622708
1.144903
0.993188
1.727347
0.784989
0.245858
-0.255244
2.582962
1.690339
0.245762
-0.124214
-0.675164
-0.697115
-0.922064
1.524642
1.404366
-0.393182
-0.393182
-0.393182
-0.393182
-0.393182
-0.393182
-0.393182
-0.393182
-0.393182
-0.393182
-0.393182
-0.393182
-0.393182
-0.393182
-0.393182
-0.393182
-0.393182
-0.393182
-0.393182
-0.393182
-0.393182
-0.531929
-1.130075
-1.870180
0.644759
0.421455
-1.742344
0.008300
-0.163892
0.930258
-0.451903
0.654731
0.582261
-1.897758
0.676168
-0.137215
-0.113954
0.064116
-0.852470
0.557678
-1.056770
1.206946
-0.495536
-0.416362
1.456677
1.254556
-0.083192
-0.417124
0.395171
1.020482
1.020482
1.020482
1.020482
1.020482
1.020482
1.020482
1.020482
1.020482
1.020482
1.020482
1.020482
1.020482
1.020482
1.020482
1.020482
1.020482
1.020482
1.020482
1.020482
1.020482
1.800154
2.704292
2.575707
1.156197
1.280217
0.350670
1.751845
0.741350
0.106804
-1.438946
-0.603658
0.064702
-0.697625
1.581085
-0.093687
-0.172778
-2.716291
-0.682503
-0.983129
-1.068842
0.953303
0.316002
0.084980
-0.240856
0.124802
-0.295858
0.050069
1.377807
0.549052
0.549052
0.549052
0.549052
0.549052
0.549052
0.549052
0.549052
0.549052
0.549052
0.549052
0.549052
0.549052
0.549052
0.549052
0.549052
0.549052
0.549052
0.549052
0.549052
0.549052
0.736155
1.235688
0.367408
3.412380
2.644162
0.908053
2.021209
1.657668
1.211570
0.855250
2.242431
1.968497
0.671900
2.374962
2.020863
1.039211
0.058370
-0.771820
0.318751
0.161101
2.160716
1.025688
0.523337
0.099794
-1.135014
-0.055445
0.173589
1.399964
0.360919
0.360919
0.360919
0.360919
0.360919
0.360919
0.360919
0.360919
0.360919
0.360919
0.360919
0.360919
0.360919
0.360919
0.360919
0.360919
0.360919
0.360919
0.360919
0.360919
0.360919
-0.361171
-0.441111
0.352935
1.154445
0.890583
-0.236066
-1.332065
-0.579684
-1.478478
-1.445936
-0.427840
-1.488722
-1.962909
-1.102992
-1.133830
-2.433524
-1.500450
-1.987087
-1.868194
-0.877134
0.049564
-1.322424
-1.958700
-0.995160
0.193654
-1.039039
-1.257144
-0.810997
0.415238
0.415238
0.415238
0.415238
0.415238
0.415238
0.415238
0.415238
0.415238
0.415238
0.415238
0.415238
0.415238
0.415238
0.415238
0.415238
0.415238
0.415238
0.415238
0.415238
0.415238
-0.297591
0.750321
0.599807
0.776694
1.081665
0.053523
0.301697
0.167175
0.563332
1.071046
3.582285
2.869280
-1.576622
-0.815396
1.171327
0.658413
1.097466
2.853111
0.005538
0.557412
0.359021
1.433355
0.815862
0.269084
0.918325
-1.445939
1.185132
0.548502
-0.372781
-0.372781
-0.372781
-0.372781
-0.372781
-0.372781
-0.372781
-0.372781
-0.372781
-0.372781
-0.372781
-0.372781
-0.372781
-0.372781
-0.372781
-0.372781
-0.372781
-0.372781
-0.372781
-0.372781
-0.372781
0.448256
1.680417
2.298055
1.507715
1.451488
2.352116
0.107463
-0.868188
1.135868
0.723970
-0.150545
-0.534122
3.313476
2.653992
-0.273781
0.173478
-1.101054
0.657146
-2.091241
-0.899606
0.970830
-0.572289
0.328783
0.283650
0.304282
-0.920135
-2.039791
-0.535395
0.727531
0.727531
0.727531
0.727531
0.727531
0.727531
0.727531
0.727531
0.727531
0.727531
0.727531
0.727531
0.727531
0.727531
0.727531
0.727531
0.727531
0.727531
0.727531
0.727531
0.727531
-1.173120
-1.059184
-1.454712
-0.744716
-0.507186
-0.725516
0.258871
-0.222277
-0.166822
-0.699684
1.992259
2.315177
-1.633592
-0.118561
0.527491
1.078265
0.054333
-0.115975
0.112637
0.700523
0.003321
0.763121
0.840774
-1.297236
-3.196129
-3.060897
0.175621
1.485448
-2.098442
-2.098442
-2.098442
-2.098442
-2.098442
-2.098442
-2.098442
-2.098442
-2.098442
-2.098442
-2.098442
-2.098442
-2.098442
-2.098442
-2.098442
-2.098442
-2.098442
-2.098442
-2.098442
-2.098442
-2.098442
-0.077977
0.292544
2.173920
0.181519
0.198574
1.842852
0.260845
-0.072398
-0.553363
1.482606
1.328753
2.211158
1.561824
0.181506
0.420114
0.462467
0.832273
2.100068
2.026574
-0.241453
-1.346482
0.407897
-0.153303
0.496784
2.026561
0.599346
0.154883
1.024565
-0.587517
-0.587517
-0.587517
-0.587517
-0.587517
-0.587517
-0.587517
-0.587517
-0.587517
-0.587517
-0.587517
-0.587517
-0.587517
-0.587517
-0.587517
-0.587517
-0.587517
-0.587517
-0.587517
-0.587517
-0.587517
-0.289018
0.433759
1.037677
0.604218
1.095591
1.436589
1.243181
-0.795763
0.135185
0.037260
0.499670
-0.134919
0.981402
-0.688545
0.302825
0.083897
-0.104638
0.545231
1.100736
0.477736
-0.847709
-0.534366
-0.322800
-0.126347
1.104145
1.455448
0.682827
-1.139506
-1.314313
-1.314313
-1.314313
-1.314313
-1.314313
-1.314313
-1.314313
-1.314313
-1.314313
-1.314313
-1.314313
-1.314313
-1.314313
-1.314313
-1.314313
-1.314313
-1.314313
-1.314313
-1.314313
-1.314313
-1.314313
0.228530
0.373075
-0.886050
0.727645
0.697525
1.519144
0.882810
-0.183300
-0.374499
-1.220229
-0.068230
0.284840
-1.401687
0.262261
1.499875
0.741878
2.909665
1.254427
2.474719
-1.334598
0.548380
1.027122
-0.355817
-1.382790
-2.181459
1.395880
-0.988067
0.398589
-0.020743
-0.020743
-0.020743
-0.020743
-0.020743
-0.020743
-0.020743
-0.020743
-0.020743
-0.020743
-0.020743
-0.020743
-0.020743
-0.020743
-0.020743
-0.020743
-0.020743
-0.020743
-0.020743
-0.020743
-0.020743
-1.036465
-0.651950
-0.848737
-1.632974
-1.963628
-3.791217
-2.522027
-0.626312
0.260069
0.388596
-1.623546
-1.350017
-2.199041
-1.157583
-0.359588
-0.072318
0.289594
-1.301129
0.715650
-0.364136
-1.165976
-0.337584
-0.142843
1.153798
0.356386
2.015862
0.047973
-0.352635
0.903957
0.903957
0.903957
0.903957
0.903957
0.903957
0.903957
0.903957
0.903957
0.903957
0.903957
0.903957
0.903957
0.903957
0.903957
0.903957
0.903957
0.903957
0.903957
0.903957
0.903957
0.639838
-0.143460
-0.101460
-0.485709
-0.160365
-0.749938
0.087768
-0.544553
-1.461198
-0.723368
-0.982431
-1.243618
-0.522790
0.370781
-0.361251
-0.923487
-2.144937
-3.463970
-2.657512
-2.048153
-0.606009
0.309388
-0.194415
-0.549579
-2.496160
-0.265937
0.165885
0.453812
-1.960760
-1.960760
-1.960760
-1.960760
-1.960760
-1.960760
-1.960760
-1.960760
-1.960760
-1.960760
-1.960760
-1.960760
-1.960760
-1.960760
-1.960760
-1.960760
-1.960760
-1.960760
-1.960760
-1.960760
-1.960760
0.467409
-0.615034
-0.492071
-1.938700
-1.195775
-1.039558
0.204302
0.101766
0.354232
0.889655
-0.175074
0.488709
0.725102
0.954840
-0.653594
1.457262
2.451745
1.913847
2.049718
1.995637
0.830323
-0.749812
1.115428
2.827191
3.999216
4.060574
1.535579
0.379580
-1.239322
-1.239322
-1.239322
-1.239322
-1.239322
-1.239322
-1.239322
-1.239322
-1.239322
-1.239322
-1.239322
-1.239322
-1.239322
-1.239322
-1.239322
-1.239322
-1.239322
-1.239322
-1.239322
-1.239322
-1.239322
-0.685279
-0.303289
-0.820962
0.151148
0.343103
-0.685039
-0.500663
-0.818951
-0.556796
0.439047
0.842507
0.984835
-0.182280
-0.551275
0.473293
-0.751493
0.830160
0.444320
0.898295
1.274620
0.226538
-0.041943
0.906603
0.398142
-0.434654
0.013643
0.199474
0.395379
-0.278780
-0.278780
-0.278780
-0.278780
-0.278780
-0.278780
-0.278780
-0.278780
-0.278780
-0.278780
-0.278780
-0.278780
-0.278780
-0.278780
-0.278780
-0.278780
-0.278780
-0.278780
-0.278780
-0.278780
-0.278780
0.106125
-1.683746
-0.972193
1.133788
1.570082
-0.749034
0.443062
0.524348
-0.642112
-2.846031
0.843051
0.239583
-2.487389
-0.215866
-0.143163
0.037413
0.422120
1.512467
1.411532
0.415617
0.317322
0.017756
-0.722904
-1.010500
-1.166901
1.542938
0.145617
0.456499
-0.644360
-0.644360
-0.644360
-0.644360
-0.644360
-0.644360
-0.644360
-0.644360
-0.644360
-0.644360
-0.644360
-0.644360
-0.644360
-0.644360
-0.644360
-0.644360
-0.644360
-0.644360
-0.644360
-0.644360
-0.644360
-0.628215
-1.343425
-1.264174
-1.409632
-1.168418
0.806732
-0.508953
-0.656074
1.028599
0.509211
-1.014886
-0.883944
2.519427
0.244443
-0.365546
0.838274
-0.664741
-3.004192
-1.875542
-0.278677
-0.590089
-0.057363
0.271083
-0.582751
-0.995784
-0.705843
-1.312113
-0.620734
-1.094887
-1.094887
-1.094887
-1.094887
-1.094887
-1.094887
-1.094887
-1.094887
-1.094887
-1.094887
-1.094887
-1.094887
-1.094887
-1.094887
-1.094887
-1.094887
-1.094887
-1.094887
-1.094887
-1.094887
-1.094887
1.428562
1.687381
-0.413569
-0.212334
0.545564
-0.574557
0.842266
0.322723
1.696867
-0.762433
-2.108606
-0.980164
-0.668723
-0.007176
0.323532
1.342788
-1.073107
-2.166075
-1.663136
1.891995
0.123829
-0.023119
1.907361
1.139769
0.838316
1.260423
1.905708
0.369457
-1.518396
-1.518396
-1.518396
-1.518396
-1.518396
-1.518396
-1.518396
-1.518396
-1.518396
-1.518396
-1.518396
-1.518396
-1.518396
-1.518396
-1.518396
-1.518396
-1.518396
-1.518396
-1.518396
-1.518396
-1.518396
-0.405818
0.332348
1.486936
0.555262
0.147599
0.325575
0.211418
-0.864805
0.934836
3.217323
2.150517
0.404398
2.459439
0.343532
-0.992126
0.019108
0.788494
1.822471
-0.761444
1.615231
-0.298622
-0.986087
-0.746820
0.758866
0.984272
-0.633812
0.072870
0.235855
-1.177338
-1.177338
-1.177338
-1.177338
-1.177338
-1.177338
-1.177338
-1.177338
-1.177338
-1.177338
-1.177338
-1.177338
-1.177338
-1.177338
-1.177338
-1.177338
-1.177338
-1.177338
-1.177338
-1.177338
-1.177338
-1.266935
-0.306406
-0.146996
-1.830750
-1.266655
-1.091909
-2.208492
-0.935811
0.023549
0.490500
-0.681450
0.979044
2.133001
-0.476459
-2.230620
-1.373685
-1.455940
0.872114
0.153307
2.623656
-0.494118
-2.127076
-1.846813
-2.442956
-0.273854
-2.780126
-1.033738
-1.183170
-1.682530
-1.682530
-1.682530
-1.682530
-1.682530
-1.682530
-1.682530
-1.682530
-1.682530
-1.682530
-1.682530
-1.682530
-1.682530
-1.682530
-1.682530
-1.682530
-1.682530
-1.682530
-1.682530
-1.682530
-1.682530
-2.330415
-1.552572
-0.640144
-1.963686
-2.186731
-1.730843
-2.214846
-0.826974
-1.660081
-0.101422
0.448916
-0.757959
-0.044323
-1.251674
-0.635561
-0.822709
1.253280
3.311492
1.303897
1.104358
-0.932234
-0.379821
-0.787630
-0.548095
-0.409766
0.381127
-0.021825
-0.821391
0.725677
0.725677
0.725677
0.725677
0.725677
0.725677
0.725677
0.725677
0.725677
0.725677
0.725677
0.725677
0.725677
0.725677
0.725677
0.725677
0.725677
0.725677
0.725677
0.725677
0.725677
-0.621069
-0.816097
-0.972380
0.280896
-0.075147
-0.661297
-0.928456
-0.211406
-0.640181
0.565340
1.324944
0.718899
-2.011752
-0.966559
0.730880
-0.044860
0.485005
1.638334
0.457278
-0.637014
-0.248248
0.867474
0.731449
0.530885
0.005477
-0.013798
-0.713670
-0.262066
-0.072521
-0.072521
-0.072521
-0.072521
-0.072521
-0.072521
-0.072521
-0.072521
-0.072521
-0.072521
-0.072521
-0.072521
-0.072521
-0.072521
-0.072521
-0.072521
-0.072521
-0.072521
-0.072521
-0.072521
-0.072521
1.779827
0.233500
-1.279622
0.567102
0.779248
-1.109775
1.207665
0.395863
0.208548
-0.389669
0.481079
0.791344
-0.168076
0.771090
0.155469
-0.036534
0.343078
1.554596
0.880358
1.408153
-0.400410
-0.267440
-0.270288
0.128468
1.019603
0.714160
0.579618
-0.363537
-0.705429
-0.705429
-0.705429
-0.705429
-0.705429
-0.705429
-0.705429
-0.705429
-0.705429
-0.705429
-0.705429
-0.705429
-0.705429
-0.705429
-0.705429
-0.705429
-0.705429
-0.705429
-0.705429
-0.705429
-0.705429
-2.763813
-0.103420
1.609658
0.283313
-0.223157
2.609553
-0.723807
-2.025344
-0.448352
0.332012
0.474877
0.694164
3.451228
1.117133
-0.580725
-0.512579
0.020479
0.555282
0.760802
1.659804
0.533680
-0.966491
-0.805414
0.449989
-0.109159
-1.168258
-0.428706
-0.505610
0.652869
0.652869
0.652869
0.652869
0.652869
0.652869
0.652869
0.652869
0.652869
0.652869
0.652869
0.652869
0.652869
0.652869
0.652869
0.652869
0.652869
0.652869
0.652869
0.652869
0.652869
0.687713
-0.839282
-2.033224
-1.126886
-0.814288
-0.800095
-0.585916
0.870106
0.833565
0.818395
-0.623289
-0.867424
1.251197
-0.162966
0.882707
0.822149
1.220723
1.300411
0.368691
-0.503448
-0.447834
1.175153
1.441444
1.736231
1.842937
1.313467
-0.170845
-0.349037
-0.914062
-0.914062
-0.914062
-0.914062
-0.914062
-0.914062
-0.914062
-0.914062
-0.914062
-0.914062
-0.914062
-0.914062
-0.914062
-0.914062
-0.914062
-0.914062
-0.914062
-0.914062
-0.914062
-0.914062
-0.914062
2.581798
2.085640
1.752974
0.495491
-0.174809
-0.508587
-0.883905
1.483596
-0.657681
0.735239
1.922288
-0.306853
0.493090
0.199439
0.968739
-0.779608
0.846351
1.082693
1.175285
-2.424246
-0.725838
0.671266
-0.895553
-0.228884
-0.821662
-0.429997
-3.020010
-0.983647
0.617417
0.617417
0.617417
0.617417
0.617417
0.617417
0.617417
0.617417
0.617417
0.617417
0.617417
0.617417
0.617417
0.617417
0.617417
0.617417
0.617417
0.617417
0.617417
0.617417
0.617417
-0.161374
1.451681
0.731090
0.294357
0.780801
0.139496
0.188774
0.450984
1.690750
1.533194
2.605094
1.801765
0.321811
0.023884
-0.553188
1.260734
0.741391
2.604579
1.923647
0.779421
-0.183356
-0.661169
1.330014
-0.825268
-1.401578
-0.669713
0.017261
-0.182875
-0.429022
-0.429022
-0.429022
-0.429022
-0.429022
-0.429022
-0.429022
-0.429022
-0.429022
-0.429022
-0.429022
-0.429022
-0.429022
-0.429022
-0.429022
-0.429022
-0.429022
-0.429022
-0.429022
-0.429022
-0.429022
-1.748721
-0.364453
1.400006
-1.907305
-2.406603
0.161476
-1.347372
-0.778732
1.555864
4.291918
1.717783
0.528738
2.019067
0.184479
-0.555915
1.236218
-0.091249
1.120642
-0.642388
0.602943
-0.202487
-0.130661
-0.133108
-0.997199
0.076332
-0.805666
-0.357848
-0.714921
-0.189354
-0.189354
-0.189354
-0.189354
-0.189354
-0.189354
-0.189354
-0.189354
-0.189354
-0.189354
-0.189354
-0.189354
-0.189354
-0.189354
-0.189354
-0.189354
-0.189354
-0.189354
-0.189354
-0.189354
-0.189354
-0.678703
0.064699
1.360173
0.342264
0.159524
0.502052
0.898742
-0.722860
-2.351714
-0.452679
-1.405164
0.011738
-1.026541
0.068870
0.090055
-2.267803
-0.765619
-1.932824
-1.684623
-2.310816
0.509807
-0.372207
-3.134800
-3.554389
-2.301153
-2.416211
-1.951442
0.133661
0.196174
0.196174
0.196174
0.196174
0.196174
0.196174
0.196174
0.196174
0.196174
0.196174
0.196174
0.196174
0.196174
0.196174
0.196174
0.196174
0.196174
0.196174
0.196174
0.196174
0.196174
0.303038
-0.173314
0.180328
-0.743018
-0.867406
-1.457447
-1.442591
-0.808483
-0.146053
1.497181
0.370117
-0.380567
0.287282
-1.626000
-0.355409
0.952793
-0.803797
-0.368818
-1.845622
-1.114362
-2.266216
-0.933016
-0.475119
-1.195392
-1.367459
-2.980875
-2.212812
-2.421422
0.199484
0.199484
0.199484
0.199484
0.199484
0.199484
0.199484
0.199484
0.199484
0.199484
0.199484
0.199484
0.199484
0.199484
0.199484
0.199484
0.199484
0.199484
0.199484
0.199484
0.199484
0.585243
0.095473
-0.128240
0.508842
-0.006804
-1.568312
-0.600441
0.675967
-0.124619
-0.339631
0.153573
-0.440496
-1.291617
-0.614785
-0.130430
-0.198869
-0.109192
0.495613
0.195320
-0.314155
0.673895
-0.341599
1.655267
0.938184
2.550697
3.215688
1.618983
0.797117
0.239067
0.239067
0.239067
0.239067
0.239067
0.239067
0.239067
0.239067
0.239067
0.239067
0.239067
0.239067
0.239067
0.239067
0.239067
0.239067
0.239067
0.239067
0.239067
0.239067
0.239067
0.334164
0.704476
0.127443
0.011400
0.489743
0.591836
1.415257
0.013680
0.267077
0.709758
0.054578
0.709603
1.967687
1.568975
-0.978023
0.386611
1.345267
1.126564
1.696895
2.010509
0.880650
-0.364663
0.864671
0.597017
-0.109590
-0.047649
1.388878
0.651956
-0.523863
-0.523863
-0.523863
-0.523863
-0.523863
-0.523863
-0.523863
-0.523863
-0.523863
-0.523863
-0.523863
-0.523863
-0.523863
-0.523863
-0.523863
-0.523863
-0.523863
-0.523863
-0.523863
-0.523863
-0.523863
2.650775
1.099687
-0.062805
1.035092
1.238028
1.686329
1.982712
2.206670
1.701709
-0.744400
-0.200380
-0.850166
1.993540
1.691502
2.083642
1.586406
1.557727
0.557452
0.401681
1.276913
2.048830
1.187013
-0.390733
0.681966
0.602292
2.790328
0.836857
0.552684
-2.330274
-2.330274
-2.330274
-2.330274
-2.330274
-2.330274
-2.330274
-2.330274
-2.330274
-2.330274
-2.330274
-2.330274
-2.330274
-2.330274
-2.330274
-2.330274
-2.330274
-2.330274
-2.330274
-2.330274
-2.330274
2.543199
-1.194936
-0.989071
-0.084131
0.190215
0.160556
0.703896
1.839010
-0.667249
0.674418
-2.441358
-0.581529
-0.054954
0.188004
1.567517
-0.623348
1.725602
0.063224
2.473869
-0.637811
-1.260916
0.676694
0.062138
1.054073
1.914833
2.936406
1.282537
-0.307816
0.947166
0.947166
0.947166
0.947166
0.947166
0.947166
0.947166
0.947166
0.947166
0.947166
0.947166
0.947166
0.947166
0.947166
0.947166
0.947166
0.947166
0.947166
0.947166
0.947166
0.947166
0.695702
0.700186
1.197644
0.850424
0.524742
0.683196
2.100685
0.110601
0.062077
-0.211876
-1.491457
-0.666993
0.895572
1.450052
0.069117
0.296984
-0.824369
-1.323731
-1.505540
-1.257176
0.879095
0.089311
-0.030963
-0.945924
-1.814413
-1.061647
-0.708457
1.359151
2.167434
2.167434
2.167434
2.167434
2.167434
2.167434
2.167434
2.167434
2.167434
2.167434
2.167434
2.167434
2.167434
2.167434
2.167434
2.167434
2.167434
2.167434
2.167434
2.167434
2.167434
0.297278
2.217374
2.137076
0.110496
0.525867
1.293537
1.073183
1.479269
1.305948
2.322057
0.235832
0.890884
1.183132
1.228408
1.547179
0.150372
0.834344
1.141413
0.847695
-0.305474
1.361312
1.131637
-0.502003
-0.513552
-0.184470
-0.681687
-0.130398
0.515368
-0.052932
-0.052932
-0.052932
-0.052932
-0.052932
-0.052932
-0.052932
-0.052932
-0.052932
-0.052932
-0.052932
-0.052932
-0.052932
-0.052932
-0.052932
-0.052932
-0.052932
-0.052932
-0.052932
-0.052932
-0.052932
-0.253581
1.871506
1.754893
-1.416479
-1.307609
0.113488
-0.374011
0.252312
2.718770
3.207350
0.078409
0.567101
-0.065752
0.424425
0.020087
2.578168
2.190076
0.717903
1.160995
1.886839
-0.227734
-0.236438
1.160511
1.447107
0.691137
0.623355
0.319384
-1.209717
1.268296
1.268296
1.268296
1.268296
1.268296
1.268296
1.268296
1.268296
1.268296
1.268296
1.268296
1.268296
1.268296
1.268296
1.268296
1.268296
1.268296
1.268296
1.268296
1.268296
1.268296
0.352124
1.416138
2.166702
1.306193
1.812653
0.706778
0.435065
1.387015
-0.017281
1.192422
0.038003
1.772450
0.462518
-0.295110
2.598399
0.984342
1.500348
-0.019377
0.492755
0.084534
0.700303
2.048761
0.079195
-0.533993
-0.589074
-1.117536
-1.872398
0.417093
0.176754
0.176754
0.176754
0.176754
0.176754
0.176754
0.176754
0.176754
0.176754
0.176754
0.176754
0.176754
0.176754
0.176754
0.176754
0.176754
0.176754
0.176754
0.176754
0.176754
0.176754
-0.993968
-1.051189
-0.988999
-0.785319
-0.592189
-0.357024
-0.640088
-1.236150
0.216292
1.276999
1.168310
0.768257
0.686581
-0.314412
-0.453639
-0.299283
-0.533831
-0.583429
0.078941
-0.495312
-0.744303
-0.549386
0.715671
0.816395
1.208502
1.663394
0.436249
0.876204
1.153940
1.153940
1.153940
1.153940
1.153940
1.153940
1.153940
1.153940
1.153940
1.153940
1.153940
1.153940
1.153940
1.153940
1.153940
1.153940
1.153940
1.153940
1.153940
1.153940
1.153940
1.443042
1.443228
-0.801620
0.994680
0.776217
1.128911
1.936779
1.679290
1.055108
-2.501775
-1.151047
-0.496901
1.062844
1.169155
0.853366
0.041775
-1.924586
-2.053616
-1.046045
1.096447
0.766349
-0.026670
-0.398521
-0.608765
-2.655914
-0.056506
0.639719
0.795943
1.666034
1.666034
1.666034
1.666034
1.666034
1.666034
1.666034
1.666034
1.666034
1.666034
1.666034
1.666034
1.666034
1.666034
1.666034
1.666034
1.666034
1.666034
1.666034
1.666034
1.666034
-0.000694
-1.070619
-1.680091
-1.676300
-1.537971
0.426963
0.048847
-1.179434
-0.786904
-1.716007
-0.872821
-1.423837
1.471385
-0.631593
0.214490
0.153542
0.508126
-2.000351
-0.957339
-0.007447
-0.228047
0.132110
1.551095
0.922417
-1.162191
0.737604
0.311701
0.388582
2.347453
2.347453
2.347453
2.347453
2.347453
2.347453
2.347453
2.347453
2.347453
2.347453
2.347453
2.347453
2.347453
2.347453
2.347453
2.347453
2.347453
2.347453
2.347453
2.347453
2.347453
-0.341746
-0.252985
1.306430
-0.708759
-0.148099
-0.800173
0.800668
1.644054
0.348105
1.927015
0.725969
-0.224211
-0.919819
0.143438
0.425010
-0.495377
0.265729
1.251896
-0.275684
-1.487423
-0.722228
0.521858
-0.701678
-0.733310
0.941992
0.754300
-0.209090
-0.120809
0.641183
0.641183
0.641183
0.641183
0.641183
0.641183
0.641183
0.641183
0.641183
0.641183
0.641183
0.641183
0.641183
0.641183
0.641183
0.641183
0.641183
0.641183
0.641183
0.641183
0.641183
0.108232
0.929053
-0.170250
0.327382
-0.278873
0.782473
-0.192567
-0.291230
1.099323
1.885517
0.128097
-0.643845
2.531157
-0.762053
0.211238
0.739483
1.211066
1.718466
1.558131
0.553733
-1.448329
-0.431522
-0.044628
0.435313
1.536177
2.703446
2.160898
-0.434900
0.195086
0.195086
0.195086
0.195086
0.195086
0.195086
0.195086
0.195086
0.195086
0.195086
0.195086
0.195086
0.195086
0.195086
0.195086
0.195086
0.195086
0.195086
0.195086
0.195086
0.195086
1.667373
1.059415
2.144653
-0.276599
-1.040532
1.054034
0.741305
-0.797967
0.218646
2.322320
0.719425
0.216219
0.963308
-0.666363
-0.391043
0.605563
1.953627
1.753604
0.447372
-0.294671
-0.974171
0.269318
1.840703
1.329851
0.011576
-0.588134
-0.772812
-0.102828
0.337850
0.337850
0.337850
0.337850
0.337850
0.337850
0.337850
0.337850
0.337850
0.337850
0.337850
0.337850
0.337850
0.337850
0.337850
0.337850
0.337850
0.337850
0.337850
0.337850
0.337850
-0.761427
2.898777
2.057889
1.394536
0.842293
0.090055
-1.287964
-1.097631
1.297315
0.924824
-0.310640
-0.313013
0.937159
0.226118
-0.595706
0.281290
-2.381621
-2.438359
-2.578309
-0.428462
1.224148
-0.686654
0.334716
-1.582857
-1.732588
-0.783084
-0.947706
1.263735
-0.843465
-0.843465
-0.843465
-0.843465
-0.843465
-0.843465
-0.843465
-0.843465
-0.843465
-0.843465
-0.843465
-0.843465
-0.843465
-0.843465
-0.843465
-0.843465
-0.843465
-0.843465
-0.843465
-0.843465
-0.843465
-1.198318
-0.059213
0.065616
-0.447868
-1.033472
-1.682618
-2.244412
-0.145382
-1.036806
1.016013
-1.027950
-0.853872
-0.706605
-0.800434
-0.193875
-1.066362
1.811922
-0.158368
0.847331
-1.447789
-0.353983
-0.041618
0.156456
1.008590
0.620974
1.142294
-0.141083
0.145017
-1.842005
-1.842005
-1.842005
-1.842005
-1.842005
-1.842005
-1.842005
-1.842005
-1.842005
-1.842005
-1.842005
-1.842005
-1.842005
-1.842005
-1.842005
-1.842005
-1.842005
-1.842005
-1.842005
-1.842005
-1.842005
-0.214195
0.962747
1.868882
0.572212
0.278050
-0.520306
0.223797
1.166008
2.140988
1.584497
1.519747
0.913994
0.382026
0.093440
2.142913
2.409512
0.606044
2.289361
0.249575
0.844218
-0.170546
2.264631
0.615540
-1.130454
-1.086881
-0.614953
-0.512615
-0.297000
-1.597258
-1.597258
-1.597258
-1.597258
-1.597258
-1.597258
-1.597258
-1.597258
-1.597258
-1.597258
-1.597258
-1.597258
-1.597258
-1.597258
-1.597258
-1.597258
-1.597258
-1.597258
-1.597258
-1.597258
-1.597258
-0.307529
-0.215909
1.172889
-1.144312
-0.365897
-0.484661
-0.449435
0.295591
0.152811
0.909754
0.885342
0.738942
-2.510124
-1.326669
0.758665
0.582511
0.969982
1.075577
0.835337
0.131915
-0.287340
-0.156201
-0.017701
-0.296555
-1.430108
-0.466858
0.526899
0.420702
-1.427067
-1.427067
-1.427067
-1.427067
-1.427067
-1.427067
-1.427067
-1.427067
-1.427067
-1.427067
-1.427067
-1.427067
-1.427067
-1.427067
-1.427067
-1.427067
-1.427067
-1.427067
-1.427067
-1.427067
-1.427067
-2.201084
-0.279366
-0.952641
-0.659051
-1.409716
-0.071700
-0.555441
-2.491442
-0.893941
-2.368550
-0.101697
-0.662465
-1.069491
-1.115748
-0.978495
-1.035562
-1.555579
0.365749
-1.608495
-1.111956
-0.583375
0.284503
0.317123
-0.794559
-1.454756
-1.116181
-1.135349
-0.594005
-0.004132
-0.004132
-0.004132
-0.004132
-0.004132
-0.004132
-0.004132
-0.004132
-0.004132
-0.004132
-0.004132
-0.004132
-0.004132
-0.004132
-0.004132
-0.004132
-0.004132
-0.004132
-0.004132
-0.004132
-0.004132
0.139410
-0.368292
0.578532
-0.358447
-0.174940
0.580185
0.913896
-1.167715
-0.866379
-1.962464
-2.026303
-1.108143
1.113261
1.514668
-1.377847
-0.333176
-1.622756
-1.105090
-1.353137
0.319714
0.980819
-1.692908
-1.432770
-1.671808
-1.549965
-1.564982
0.071503
0.162286
1.893774
1.893774
1.893774
1.893774
1.893774
1.893774
1.893774
1.893774
1.893774
1.893774
1.893774
1.893774
1.893774
1.893774
1.893774
1.893774
1.893774
1.893774
1.893774
1.893774
1.893774
1.127986
1.747980
2.099062
1.704899
1.504050
1.929869
1.653906
0.550675
-0.067427
-0.188932
-0.473999
0.012836
2.048760
1.413065
0.100999
1.646374
2.403008
0.217093
-0.936346
0.644807
0.418064
0.215784
0.253734
1.024685
0.042407
-2.249203
-0.069992
-0.286487
0.357848
0.357848
0.357848
0.357848
0.357848
0.357848
0.357848
0.357848
0.357848
0.357848
0.357848
0.357848
0.357848
0.357848
0.357848
0.357848
0.357848
0.357848
0.357848
0.357848
0.357848
-1.354898
-1.567328
-0.949944
-1.627623
-1.284292
0.971685
-1.017549
-2.181627
-0.953510
-1.704676
-0.160645
-1.200308
-0.117743
-0.950710
-1.869197
-0.860557
0.193532
-0.115215
-0.600436
-1.499684
-1.462162
-1.655896
-1.062806
-0.659494
-0.424235
0.441894
0.050759
-0.574447
-2.625004
-2.625004
-2.625004
-2.625004
-2.625004
-2.625004
-2.625004
-2.625004
-2.625004
-2.625004
-2.625004
-2.625004
-2.625004
-2.625004
-2.625004
-2.625004
-2.625004
-2.625004
-2.625004
-2.625004
-2.625004
0.566602
-0.359371
-1.247571
-0.237362
-0.903790
-1.146898
-0.522997
1.451295
0.194304
-0.634330
0.178779
-0.212292
-0.259982
-0.073771
0.414260
0.235255
0.815573
1.731500
1.366742
1.009383
-0.440705
-0.165275
0.091260
-0.804186
0.365635
0.466663
-0.647940
-0.677990
1.937341
1.937341
1.937341
1.937341
1.937341
1.937341
1.937341
1.937341
1.937341
1.937341
1.937341
1.937341
1.937341
1.937341
1.937341
1.937341
1.937341
1.937341
1.937341
1.937341
1.937341
0.641187
0.979587
0.813656
-1.171275
-0.676958
-0.256209
-0.123764
0.197084
-0.062409
-0.135184
0.478088
-0.549336
1.403774
-0.217901
0.816791
0.922532
-0.496751
-0.969775
-1.544463
0.854193
-0.105085
0.662563
1.174044
-0.344359
-0.770338
-1.321815
-0.678224
-0.407140
0.571439
0.571439
0.571439
0.571439
0.571439
0.571439
0.571439
0.571439
0.571439
0.571439
0.571439
0.571439
0.571439
0.571439
0.571439
0.571439
0.571439
0.571439
0.571439
0.571439
0.571439
1.978001
0.492746
-0.804480
2.609345
2.980878
-0.285386
1.998906
0.223851
1.014819
-0.212945
1.410168
1.856359
-0.281914
0.908720
-0.006236
1.294608
0.314152
1.267597
1.953328
0.855116
1.117894
0.411819
0.900822
0.655137
2.545669
2.069885
0.426067
0.308725
0.381414
0.381414
0.381414
0.381414
0.381414
0.381414
0.381414
0.381414
0.381414
0.381414
0.381414
0.381414
0.381414
0.381414
0.381414
0.381414
0.381414
0.381414
0.381414
0.381414
0.381414
-1.764009
-0.780015
0.198909
0.669271
0.296256
-1.469810
-0.364567
-1.177880
1.081629
2.148147
-0.839013
-1.890273
-1.778686
-0.416254
0.314770
2.379033
2.129603
0.874781
-0.304554
-0.104701
0.347123
0.399941
0.664509
-0.144050
0.867765
0.261902
-0.723110
0.320691
0.176396
0.176396
0.176396
0.176396
0.176396
0.176396
0.176396
0.176396
0.176396
0.176396
0.176396
0.176396
0.176396
0.176396
0.176396
0.176396
0.176396
0.176396
0.176396
0.176396
0.176396
0.057311
0.522393
-0.707691
-0.136435
0.481378
0.365632
1.678680
0.769691
0.781479
-0.561718
-1.458800
-0.652154
0.790301
1.939664
1.818493
0.391961
-1.737659
-2.920343
-2.452799
0.894506
3.585485
0.885864
-0.378465
-1.736019
-1.617105
-0.754885
0.605771
2.689620
0.562647
0.562647
0.562647
0.562647
0.562647
0.562647
0.562647
0.562647
0.562647
0.562647
0.562647
0.562647
0.562647
0.562647
0.562647
0.562647
0.562647
0.562647
0.562647
0.562647
0.562647
-0.264767
-0.221370
0.276976
-0.946970
-0.334310
1.046031
0.822199
1.454593
1.097793
1.050160
1.326650
0.819096
0.653179
1.195974
2.058405
2.144535
1.748772
1.331358
0.619088
2.035283
1.409931
2.031501
0.106113
0.334972
0.670000
-1.225079
0.933766
1.299878
0.229467
0.229467
0.229467
0.229467
0.229467
0.229467
0.229467
0.229467
0.229467
0.229467
0.229467
0.229467
0.229467
0.229467
0.229467
0.229467
0.229467
0.229467
0.229467
0.229467
0.229467
-0.492422
-0.266483
-0.307821
-0.495633
-0.296751
-0.791900
-0.841620
0.326095
-0.275672
-0.692314
-0.341224
0.439094
-0.128073
0.137851
0.978313
-1.079085
-2.815357
-2.934339
-1.864032
-0.648492
0.980092
1.118822
-0.198459
-0.045587
0.518494
-1.244439
-0.592469
0.518888
0.106887
0.106887
0.106887
0.106887
0.106887
0.106887
0.106887
0.106887
0.106887
0.106887
0.106887
0.106887
0.106887
0.106887
0.106887
0.106887
0.106887
0.106887
0.106887
0.106887
0.106887
