160,7,7
-1.028056
0.847516
1.990970
-0.434304
-0.390836
1.649376
0.850699
-1.288058
0.561472
1.453439
0.151904
0.764348
3.309092
0.765304
-1.043192
-0.149391
-1.276329
-0.958206
0.250167
1.126712
-0.001503
-0.799643
-0.979606
-1.249557
-1.257521
0.099516
0.872027
-0.755129
-0.745786
-1.203841
-0.616123
-1.120858
0.467488
1.281370
-0.418892
-1.234568
-0.541746
-0.970355
-0.879902
-0.086319
0.262935
-0.322106
-1.256727
-1.309278
-1.444409
-1.454897
-1.577125
-0.976637
-0.645290
1.115995
0.577600
0.041431
1.286239
1.711620
1.093061
1.709957
1.143602
1.992214
-0.610294
0.123500
0.821580
0.279396
0.987964
0.985277
1.718318
0.730105
-0.013490
0.951369
-0.076693
0.698573
1.730201
0.298513
-0.045193
0.550237
-0.390701
-1.118609
0.584500
0.980073
-0.257604
-0.926133
-0.629449
-1.064291
-0.639846
0.582322
0.587514
-0.065437
0.225242
-0.248992
-0.298584
0.136747
0.607694
0.878636
-0.591787
-0.167515
0.240438
0.994686
0.591555
1.227806
-1.326933
0.987961
2.374346
-0.367672
-0.184863
1.293827
0.342864
0.277883
1.100380
2.020286
-0.954770
-0.244394
1.705447
0.364362
0.201881
0.206989
-0.000364
-0.906417
1.144835
-0.669924
-0.738467
0.331307
0.287858
-0.817923
-0.713047
0.701034
-0.772240
-0.678242
0.352418
-0.987697
-1.008168
-1.318582
-0.242097
0.414417
0.233610
0.311968
-0.758421
-1.974962
-1.014222
-1.016381
-0.790967
0.854060
-0.356098
-0.127151
-0.492550
-0.987603
-1.532616
-1.701001
-0.768158
1.018170
0.597087
0.566448
1.035909
0.738989
0.219246
0.429071
0.548063
0.942771
1.793216
1.306797
1.565933
1.780863
0.474811
-0.128844
0.365880
0.874071
0.862210
1.881946
1.694033
0.401239
-0.494094
0.631863
0.608183
1.389284
3.547056
2.306880
0.585637
-0.619512
0.950226
0.563013
0.386114
1.326925
1.546616
0.675013
-0.558642
-0.251750
-0.380926
1.087680
-0.011996
0.749504
1.200173
-0.245280
-0.393051
-0.427538
-0.055237
0.135213
0.315894
0.487585
-2.242673
-0.452459
0.137772
-0.667209
-1.332652
-0.301828
-0.134658
-1.856695
-0.618481
0.581841
1.026925
0.561643
-1.026203
-0.356784
-0.719897
-0.976686
-0.971829
-0.834251
1.384725
0.288465
-0.853791
0.058058
-0.414140
-0.501646
0.088963
0.558344
-0.241256
-0.934732
1.084070
-0.503036
0.246595
1.682928
1.044369
0.717324
0.213026
1.229465
0.491216
-0.085925
0.587516
0.789101
0.429165
0.849764
1.245777
1.213079
1.398836
0.973384
1.349307
0.833070
1.342794
0.303128
-0.844163
-2.526668
-0.471492
-0.669050
-0.629795
-0.444006
1.461306
1.190746
-1.494377
0.781896
0.400752
-0.956881
0.461650
1.480471
1.128488
0.312914
1.453798
1.948248
1.300295
0.297500
1.935919
1.553639
0.072041
2.112281
2.921935
1.745754
0.455112
1.164512
1.445824
0.268060
-0.123281
-0.819859
0.134908
0.685522
0.580562
1.383499
0.097373
-0.408395
-0.820649
-0.455023
0.159100
-0.013582
-0.197363
-0.631575
-0.595408
-0.023735
-0.137059
-0.105895
-0.558318
-0.327846
-0.417042
-0.144827
-0.259115
-0.179581
-0.345558
-1.368293
0.552952
0.852400
0.220094
-0.218292
1.126949
0.399300
-1.697828
1.396413
3.331326
2.830343
2.797834
1.210369
0.003032
-1.289248
0.395106
1.390465
1.630596
2.987075
1.109834
0.343810
-0.368437
0.722914
0.516763
0.474515
-0.026931
-0.308410
0.137028
0.097555
-0.201025
0.955641
0.369781
-0.235730
-0.346136
0.186083
0.804439
1.145830
1.221570
0.846756
0.201856
0.666201
0.753712
0.715149
-0.422220
-1.058880
0.630519
0.001784
-1.401704
-1.208271
-0.220148
1.373590
0.230203
0.263051
0.221914
-1.691435
-1.068195
-0.362686
0.369356
-1.791874
-2.119174
-1.455738
-1.355626
0.497471
0.316907
1.077245
-0.852957
-1.194901
-2.010527
-0.732526
0.487058
0.476816
-0.761398
-0.262010
-0.611977
-1.020211
-0.002833
0.659545
0.307981
-0.665941
-0.763702
-0.520732
-0.402788
-0.367376
0.325762
-0.636568
-0.289535
-0.009507
-1.396621
-0.868548
-1.769970
-1.059973
-0.090180
1.044384
1.256217
0.635968
0.690660
0.022959
-0.327643
-0.615763
-0.156207
0.051374
0.417629
0.939104
1.986518
0.084727
-0.600342
0.443275
0.650769
1.430537
1.870807
1.175249
-0.185116
-0.808337
1.121241
2.114552
-0.377888
2.796173
1.806038
0.262446
-0.686857
1.169037
1.917913
0.846276
1.945172
2.194660
0.451654
-0.264716
-0.418369
1.087619
1.170600
0.371431
1.913581
0.582383
-1.350507
-1.293987
-0.505310
-0.060366
-1.200701
-1.292960
-2.353513
-0.341953
-0.155439
-1.827499
-0.857360
-0.152672
0.378394
0.603383
0.770078
-0.064823
-2.811818
-1.402405
-1.622565
-0.382057
0.441511
0.576060
0.207102
0.252419
-0.518739
-0.436017
0.882791
-0.346174
0.775868
0.261977
0.434518
1.946535
1.248128
0.032820
-1.057358
0.477781
1.417388
0.285851
-0.454076
-0.072979
-0.197635
-0.585787
0.946369
2.990247
1.385748
0.198561
-0.454383
0.557357
1.006643
0.436140
1.090323
1.284966
2.521624
1.886448
2.112715
0.979176
0.663185
-0.574354
-1.120423
0.697741
0.329688
-1.358949
0.159839
0.330814
0.518346
-0.504170
0.837189
-0.168255
-0.904103
-0.147468
0.094936
0.780952
-0.359167
0.168496
1.193935
0.473859
0.001904
-0.080319
-0.485510
0.064686
-0.192117
-0.080522
-0.520748
-0.855125
-0.432193
-0.064555
0.619159
-0.565061
-1.601698
0.025467
-0.873195
-0.316687
0.147505
0.588698
-0.153132
0.011292
0.442987
-0.643272
-0.322137
0.283922
0.236090
0.241743
0.130581
0.583261
-0.096754
-0.787411
-0.398686
-0.021669
0.489240
0.017952
0.357261
0.285357
-1.619680
-0.895569
-0.806833
-0.923651
0.321225
-0.239474
-0.368612
-1.370861
-1.696997
-1.228783
-1.231136
1.230439
-1.266485
-0.794027
-1.449904
-1.755345
-1.714475
-1.664976
0.473399
-0.927896
-0.800010
-0.341185
-0.883235
-1.674308
-0.690776
-0.425400
-0.468578
-0.252594
-0.225896
-0.856795
-1.078590
-1.271688
-0.924753
-0.641695
-0.822889
0.027955
0.397153
-0.305333
-1.982038
-2.073482
-2.070266
-1.945546
-0.130012
0.070604
-0.633207
-0.485799
0.193051
0.036468
0.139311
-0.206165
-0.113979
0.602249
0.549625
0.375866
-0.024224
-0.932450
0.593525
1.369213
1.253999
0.936911
0.074052
0.604427
-0.693965
0.615924
0.616041
-0.112758
-0.945531
1.340555
0.739604
-0.364558
0.553263
0.652692
0.469874
0.786865
0.767627
0.716681
-0.662982
-0.087569
-0.054339
0.674810
1.267559
-0.084096
0.016778
-0.620485
-0.057471
-0.086542
0.577869
0.442671
-0.451848
-1.589232
-1.606953
-1.064150
0.040699
1.078202
0.026443
-0.489521
-0.694253
-1.009838
-1.391337
-0.342216
1.514945
-0.440765
0.255213
0.526529
-0.314058
-1.042430
0.105539
-0.226230
-1.291157
-0.144195
0.719731
0.460166
-1.168613
0.435191
0.219727
0.342889
-0.229012
0.885251
0.358818
-0.752915
0.629271
0.661131
0.264432
0.372280
1.033648
0.745403
-0.586897
0.011648
-0.229883
0.104791
0.369794
0.298807
-0.029940
-0.736066
-0.995989
-0.593751
0.308926
1.157724
0.981172
0.946255
-0.531178
0.617281
1.637170
0.397761
0.048468
0.830986
0.643837
-1.515605
-0.208616
0.228735
-0.600666
-0.579640
-0.132734
0.509257
-0.855000
-0.195598
0.370832
-0.133661
-0.140245
-0.339783
0.618559
-0.962419
-1.416371
-0.260780
-1.342145
-0.321127
-1.305682
0.371302
0.172863
0.011769
-0.557555
-1.283754
-1.558197
-1.131138
-0.490928
0.360767
-0.150574
-1.202703
-0.769412
-0.734213
-0.312096
-0.473487
0.819357
-0.063679
-0.168581
-1.602097
-2.547712
-1.429983
-0.531200
0.847466
0.859033
-0.222484
-0.026487
0.257682
-0.929083
-0.451312
1.498832
0.055726
-2.934745
-0.751332
-1.119181
-2.190457
-0.275570
0.738667
-0.064409
-1.694456
-0.901099
-0.933254
-1.962181
0.286952
0.454394
-0.845194
-1.377630
-1.137545
-1.306674
-2.914890
-0.642518
0.131141
-0.664494
-1.142137
0.453044
0.690670
-1.806997
-1.418067
-0.250140
0.457704
0.251502
-0.257658
0.148488
-0.567646
-0.852457
0.139480
1.055453
1.119699
0.462703
0.785180
0.559349
-0.137672
0.034920
0.660086
2.882648
0.975964
0.181001
-0.139886
0.727449
1.433015
-0.125760
4.055635
1.416481
1.730671
1.477568
1.672481
0.838569
-0.171453
0.667026
1.068205
1.702371
1.389582
1.279323
0.593917
0.483962
1.113888
1.161525
0.561641
1.203816
1.106685
0.346711
0.373055
0.623957
0.339754
-0.655624
-0.782944
0.152968
0.360336
0.313063
1.216538
1.033981
0.162320
0.226732
-0.205906
-0.046358
0.386915
0.457337
0.327064
0.866296
1.059606
-0.528324
0.216290
-0.230864
-0.551130
0.229863
0.061056
-1.799525
-0.833514
-0.792498
-0.034298
0.230004
0.922944
1.248692
0.050792
-0.300410
-0.122082
0.898482
1.607058
1.498193
1.845368
1.771494
0.285012
-0.720273
1.569415
1.286278
0.738625
1.467733
1.140374
0.518997
-0.140982
0.559858
0.555705
-0.575199
0.673175
1.292413
0.579400
0.832775
-0.000407
0.096395
0.655802
0.298846
1.320335
0.124854
0.558017
0.623188
0.829147
-1.006119
-1.212603
-0.431266
0.003138
-0.973386
-0.872605
-0.706872
-1.606439
-1.222051
0.048231
-1.858562
-0.951436
0.091250
0.024587
0.399450
-0.433389
1.131742
-0.379915
-0.517979
0.412569
-0.146157
-1.230265
-1.242444
0.171275
-0.502177
-0.037864
0.821981
0.982201
-0.380337
-1.008479
1.065462
-0.163250
-0.096391
0.462009
2.245318
1.932576
0.851897
1.244431
-0.430259
-0.579569
0.071128
0.558633
1.047130
0.056324
-0.152172
-0.194437
-0.793462
-0.466176
0.077193
0.418342
-0.793141
-0.528052
-1.047825
1.010318
-0.204779
-1.345320
0.778881
0.718507
0.043657
0.260090
1.289110
-0.103728
-1.206689
1.089294
0.940556
-0.254820
0.077970
1.191108
-0.063796
-1.198794
-0.744475
0.216549
0.493203
0.785826
0.641911
-1.505465
-1.508783
-0.909087
-0.013981
0.141876
0.592492
-0.890469
-2.264044
-0.597065
-0.413896
-0.516827
-0.112348
0.294360
-0.578154
-1.034992
-0.424879
-0.953824
0.165592
-0.908225
-0.486105
-1.078583
-0.877379
-1.126612
-0.705109
0.131922
0.147565
-0.213684
0.508269
0.328824
0.285188
1.273798
1.346979
0.502629
-0.302762
0.120377
1.124455
0.927404
1.666991
1.790474
0.126914
-0.754950
0.164039
1.107244
-0.016037
-0.759405
-1.349893
0.307021
0.078129
-0.192517
0.930216
0.296017
-0.627066
-0.705563
0.419124
0.238367
0.068791
-0.348049
-0.110093
0.358065
-0.114980
0.160533
-0.166895
0.478512
-0.059411
0.117719
0.625829
-0.147561
0.083824
0.180736
0.340419
0.484110
0.655877
0.818675
0.595252
0.483681
0.213805
0.433540
0.579264
0.356869
-0.702529
0.059086
-1.020752
-0.013884
1.110414
2.180952
1.324673
-0.925244
-0.115722
0.113551
0.781430
0.107562
0.667239
0.765078
-0.424450
0.338894
1.356779
0.254920
-0.022570
0.711419
0.963123
1.374467
1.038210
1.172642
0.322706
0.237572
-0.146531
-1.179860
-0.284213
-0.524974
0.000869
0.623744
-0.494077
0.500841
-0.413618
-1.245195
-1.021719
-0.389626
0.831956
-1.208364
-0.929651
-0.989163
-0.640933
-0.513510
0.085380
-0.464627
0.197022
-0.419107
-1.308283
-0.910855
-0.847619
-0.990240
-1.063034
0.024929
0.226812
-0.508012
-0.955897
-0.133606
-1.057226
-0.854483
0.178236
0.516391
-1.115631
-0.835046
-0.650873
0.119594
-0.647431
0.220626
-0.461472
-0.849613
0.350916
-1.492268
0.343033
-0.708490
0.433094
0.373730
0.395437
0.928037
-0.538757
-0.644382
-0.292779
0.884969
0.529366
0.128382
0.783727
-0.726731
-0.911004
-0.434539
0.747952
0.307269
0.002026
-0.553100
-0.799258
-0.165684
-0.161537
-0.728574
0.468670
0.452329
-1.095971
-1.042310
-0.673542
-0.581906
-0.665278
0.081199
1.025448
0.682842
0.203834
-0.972191
-1.232002
-0.787959
0.740213
1.275742
1.132542
2.083352
2.144768
-0.664165
0.101609
1.305619
0.944700
0.631158
0.032754
1.340559
0.270184
0.646601
1.484697
1.039922
1.244663
0.314332
1.341410
0.760778
0.524031
0.943599
1.468145
0.923359
1.888910
1.926805
1.341953
1.209793
0.857809
0.712804
1.484448
2.924012
2.071154
1.588637
0.159332
0.228942
0.102726
0.336358
-0.160867
0.090938
0.246072
-0.211605
-0.390507
-0.137457
-0.095572
0.459682
3.084019
0.755760
0.064447
1.291378
-0.445494
0.160201
0.180961
1.495500
0.337510
0.298953
2.001973
1.788504
0.585204
1.705230
1.333804
0.060073
-0.189655
0.532045
0.513018
0.763839
1.409342
0.175659
-0.147621
-0.547835
-1.191916
0.229348
0.839567
-0.870212
0.064163
0.398737
-0.146005
-0.899351
-0.007537
-0.419432
-0.690867
-1.272944
-0.009410
-0.264594
0.039449
0.107897
0.196406
0.416975
1.565231
1.300617
0.243464
1.260921
0.971835
0.563700
0.351297
1.367413
0.959308
0.271946
0.300201
-0.245229
-0.310284
-0.091146
-0.141385
0.050979
0.193689
0.966334
-0.324348
-0.340532
-0.702086
0.373750
0.429228
0.036051
0.740931
0.294709
-0.231299
-0.413986
0.557341
1.142035
-0.570420
-0.274078
-0.070843
0.062002
-0.429039
0.372184
1.766579
-0.188184
-0.625322
-0.441081
1.073248
0.209585
0.556744
0.335035
-0.949932
-0.917193
-1.031058
-0.464920
-0.479212
-0.043957
0.851974
0.528802
0.288328
-0.483466
0.789701
0.114017
-0.668609
0.269425
0.934202
0.786733
2.016892
1.964535
1.929514
2.120092
1.408497
0.730296
0.744940
0.136777
-0.083593
1.332727
0.246404
1.265262
0.661327
2.104632
-0.055874
-0.146450
-0.432727
-0.477358
-0.189119
0.278810
1.591665
0.917996
0.891131
-0.127854
0.242500
-0.403998
-0.552239
-0.072286
-0.083321
0.351389
-0.702868
0.404163
-0.410189
0.432674
0.016903
0.226074
0.743151
0.583110
-0.112558
-0.228919
-0.390662
-0.415270
-0.131584
-0.327902
-0.371342
-0.291287
-0.267228
0.029033
-0.541177
-1.291917
0.839976
-0.687185
-0.711389
-0.594951
0.343579
-0.520581
0.482759
0.948241
-0.720384
-1.681180
-0.915692
0.679145
-0.254551
0.521749
0.321413
-0.453134
-1.250328
-0.147199
0.910607
0.414085
-1.094705
-1.154185
-0.479746
-1.070428
-0.585968
1.539942
1.641797
1.262094
-0.413052
-1.094900
0.406235
0.049069
0.756112
0.064702
0.313711
0.942919
0.503048
0.085728
0.486990
-1.615999
-0.117898
1.002703
0.056917
-0.898340
-0.912962
-0.846873
-0.060987
0.705553
-0.076903
-0.776357
0.207645
0.458652
-0.189848
0.128163
1.174196
1.642842
0.898730
1.632130
1.036800
0.293803
0.265602
0.472668
0.994627
1.195328
1.448828
0.951308
0.110313
0.557787
-0.856821
-0.623641
0.223549
-0.289763
0.757094
1.113269
0.768141
0.183371
-0.114323
0.606870
-0.960392
-0.802874
-0.127288
-0.227760
-0.370615
-0.705316
0.505900
0.279630
-0.560223
0.600210
0.215132
-0.472577
0.719673
0.126085
0.727620
-1.549222
-0.000980
0.360981
-1.178943
-0.530543
-0.061715
0.610183
-0.377751
0.482300
0.997124
0.385210
0.103803
0.114628
-0.666095
-0.077213
0.135139
1.053572
0.068807
-1.173005
-0.665529
-0.420526
-0.128097
-0.095879
1.338071
0.898925
0.021223
-1.054651
-0.009371
0.242799
-0.004737
1.372890
0.864051
1.045536
-0.161196
1.440083
0.832534
1.475376
0.875268
-0.098856
-1.149588
-0.186065
0.074021
-1.239022
-0.521245
0.499425
0.246920
-0.775181
-1.297669
-1.486777
-1.151155
-0.785389
0.441951
1.393090
-1.292057
-1.424186
-2.630235
0.409773
-0.159893
0.204608
1.157526
-0.497923
-0.223661
-0.713067
0.787676
-0.031140
-0.348319
0.137577
-0.088466
0.149127
0.696055
0.857966
0.441675
-0.723934
0.342430
0.788641
-0.010227
-0.216479
-0.140884
0.961300
-0.174379
-0.208681
0.054205
0.389927
0.161864
0.309899
-0.241951
-0.842716
-1.502245
-0.015546
0.159135
-0.665951
-0.624340
-1.145935
0.599297
0.003655
1.298384
-1.280591
-0.756277
1.550476
0.757823
-0.149864
0.453875
1.869217
0.870486
0.794345
0.046955
1.055762
-0.612919
-0.898241
1.305586
2.254507
0.855046
0.306057
0.527433
-1.180776
-1.548928
-0.378832
0.495976
0.437432
0.200756
0.190475
-0.991538
-0.505778
-0.303317
-0.906938
0.324137
-0.523117
-0.155841
0.461981
-0.118437
-0.979241
-0.454616
0.566391
-0.082205
0.180053
-1.834387
-0.475168
0.604101
-1.270556
-1.549422
-0.308538
-0.916028
0.141724
-1.105783
0.024505
-0.127227
-0.050059
0.631108
1.102683
-0.215352
-1.062609
1.689188
1.711333
1.698455
-0.122649
-0.525450
-0.447549
-2.062356
0.788439
3.088235
2.185981
-0.299284
-0.480362
-0.629450
-0.446042
1.312520
1.322995
-0.806150
-1.089433
-0.922976
-0.578894
0.477328
0.225448
-0.447233
0.293997
-1.583859
-2.049414
-0.485634
0.264109
0.145578
-0.518263
1.058437
0.871218
0.783666
-0.010665
0.603147
0.714218
-0.042755
-0.341363
-0.562789
-0.913062
-1.075735
-0.326564
0.344163
-0.953717
0.613670
0.289550
-1.130887
-0.709662
0.310881
0.161131
-1.393771
-0.291450
1.293961
-0.480419
-0.845637
0.610731
0.529032
1.219802
1.299457
1.762061
-0.324408
-0.871190
-0.595940
-1.564450
-0.885742
-1.235466
-1.553504
-0.356583
-0.294615
-0.171922
-1.274647
-0.877423
-0.851045
-1.517323
0.559046
-0.764594
-0.807619
-0.394945
-0.446841
0.918939
0.192786
0.231354
-0.245921
0.289078
1.722921
0.478433
-0.124351
1.477047
1.523036
-0.890190
-0.061755
0.645174
0.850769
-0.226633
0.509982
1.036365
-0.133151
-0.020311
-1.506380
-0.750621
-0.468464
-0.043290
0.301209
-0.153744
-0.179132
-0.381645
-0.335662
1.221474
0.322597
0.107639
-0.553652
-0.036261
-0.764060
-0.651309
-0.175116
0.816722
0.606450
-0.576753
-0.032328
-0.320463
0.374186
-0.385497
0.667077
-0.044049
-0.265044
-0.860590
0.004827
1.756510
1.032671
1.205260
1.144782
0.603048
-0.084450
-0.188474
0.598344
0.381879
-0.826693
0.192280
1.349431
-0.405079
-0.271546
0.211262
0.304053
-0.471948
-0.209498
-0.221454
-0.501507
0.043290
-0.051756
-0.116769
-0.747280
0.743567
-0.279529
-0.401918
-1.032927
-1.076028
0.017242
-0.176752
-0.159544
-0.930127
-0.472254
0.399317
-0.571860
1.104080
1.048431
-0.261867
-0.738276
-1.217348
-0.149431
-0.015414
-0.146759
0.007001
-0.135032
-0.538613
-0.196237
-0.735218
-1.060977
-1.066128
-0.592624
-1.150290
-0.817972
0.206317
0.971086
0.207671
0.354323
0.233709
0.436489
-0.025343
0.229211
2.083542
1.413584
1.743551
1.607341
0.415718
-0.198948
-0.315930
1.124592
1.468768
0.754736
1.504318
0.126781
0.276750
0.116781
0.740009
1.782263
0.631307
0.614052
-0.230780
0.802306
1.543775
1.321065
1.269987
0.093261
0.041875
-0.594901
1.139588
1.456566
0.699974
0.828546
0.465413
0.667052
-0.152561
1.474261
1.470682
0.821200
-0.132491
0.555608
0.784851
1.883414
2.265203
1.442444
1.616714
0.810727
1.309086
1.712971
1.096165
1.431762
1.913378
2.369616
1.217335
1.577906
1.195166
1.057042
0.516694
1.478681
2.275888
1.697341
2.354668
1.273215
0.136180
0.452988
1.270898
1.913765
1.722234
1.676662
0.888461
-0.378823
0.014680
0.695304
1.056284
0.704271
0.415661
0.519166
0.591540
0.104867
0.975636
1.299508
0.507252
1.018072
0.514264
0.534367
-0.093810
-0.235067
0.369443
-0.081433
1.108795
0.126133
0.306223
-0.856373
-0.723596
-0.160396
-1.067333
-1.377345
0.480931
-0.792356
-1.449506
-0.866331
2.487345
0.792385
-0.005304
0.881453
-0.705485
-1.749811
-0.438704
0.986136
2.600201
0.973980
1.374110
-0.462212
-1.926347
-0.350955
-0.139222
1.100682
-0.044960
1.126109
-0.693907
-0.602969
0.066331
0.138810
1.201897
0.348789
0.868434
-0.407136
1.007325
1.336566
-0.613691
0.408090
0.147061
0.361981
-1.070897
1.370463
1.234881
0.427780
-0.217427
-0.828666
-0.114651
0.035042
0.639012
0.047761
0.903843
0.758923
0.704019
0.429371
0.884885
-1.093175
-1.043969
-0.017371
1.034501
-0.489108
0.679286
-0.157216
-0.485179
-1.989985
-0.025610
0.504607
-0.948717
-0.171928
0.304537
-0.485325
-1.100322
-0.210624
0.524011
-0.938360
-0.271476
-0.423092
-0.606100
-1.357301
-0.779323
-1.749429
-1.214164
-1.122793
-0.896742
-0.810489
-1.410612
-0.035423
-0.738913
0.090843
0.097224
-0.813903
-0.394592
-0.305869
-0.689622
-0.153773
0.989488
1.603131
0.441460
-0.457770
-0.425290
0.132060
-1.095710
-0.964978
-0.539704
-0.701295
-1.146210
-1.366830
0.609975
-0.856104
-0.116011
1.097437
-0.842352
0.712052
-0.948273
0.511454
-0.627541
2.522748
-0.630484
-0.769623
1.496951
0.424950
1.868561
0.080747
3.756907
0.168441
-0.770012
1.459521
0.972930
0.610465
-0.699057
-0.088966
-0.373175
-1.420318
0.964410
0.728208
0.513398
-1.030121
-1.064262
-0.961126
-1.769321
0.646369
1.187685
1.056799
-0.901965
-0.617047
-0.125962
-1.195158
0.670943
-0.276760
-0.737412
-0.250053
-0.608171
0.252865
0.240345
-0.119077
-0.174458
-0.460419
0.112007
0.457825
0.149512
-0.132624
-0.321768
0.194072
-0.214758
0.293555
-0.437924
1.287194
-0.145160
-0.574415
-0.437229
-0.201550
1.048072
-0.719437
1.957155
0.587021
-0.740049
-0.075736
0.308601
0.584836
1.154185
2.111338
0.971394
-1.217653
0.400328
0.362177
0.275018
0.845276
1.494126
0.647880
-1.747159
-1.836404
-0.933473
0.886457
-0.129531
0.629614
-0.691470
0.420667
-0.725126
-0.953791
-1.103414
-0.681274
-0.519366
-0.241146
0.397986
0.721889
-0.158768
0.929041
0.726299
-0.152514
-0.179455
0.761409
0.615061
0.929224
0.729407
0.996478
0.923008
-0.068886
1.032364
1.869717
1.363534
0.446696
0.244419
0.595448
0.658898
0.462989
0.917386
0.780432
-0.986661
-0.748571
1.276906
0.754778
0.138820
-0.291157
0.898144
0.955378
-0.267767
0.954173
0.689879
-0.547776
-0.951576
0.472991
0.696236
0.594548
0.396479
0.442723
1.161618
0.089153
-0.595636
0.327118
0.476246
0.127834
-0.496951
0.647448
-0.067601
-1.395611
-0.612551
-1.833815
-0.947116
-0.716027
0.504440
0.525738
0.741287
-1.309686
-0.571491
-1.713197
-0.931456
0.453578
0.931118
0.144970
-1.597926
-1.300982
-1.394081
-0.810976
0.400333
1.142394
0.632885
-0.605395
-1.783362
-1.213112
0.396779
0.139729
-0.130992
0.686695
-0.674228
-1.182585
-1.051622
-0.231877
0.881173
0.932442
0.133940
-0.231009
-1.111028
-0.806284
-1.229529
-0.203079
-0.077478
-0.647145
0.965876
0.948466
0.960094
0.907273
0.298510
0.179102
1.037189
1.460999
1.740741
1.088717
1.113063
0.407765
0.612730
1.863664
1.544739
2.754303
1.941887
0.713947
0.175976
0.430844
1.844199
1.989962
2.431898
0.822914
0.227200
0.664263
1.546963
0.574193
0.718388
0.808956
1.425518
0.263327
0.647391
0.696257
0.532898
1.921746
1.308095
2.677625
-0.445726
0.118539
0.593226
0.894298
0.423736
0.616466
0.710329
0.437151
-0.962925
0.383441
-0.289535
0.336106
0.841122
0.937940
0.524718
-0.329043
-0.568648
-0.031251
-1.418322
0.121535
1.018797
0.335395
-0.192095
0.315102
0.542692
-0.513819
-0.158744
0.802592
-0.393865
-0.138843
0.525222
0.116533
-0.910946
0.997012
0.603215
-0.524833
-0.597500
-0.510585
-0.440573
0.297978
0.592358
-0.217267
-0.244260
-0.296344
-0.100917
0.017908
-0.546478
-0.611648
-0.868369
-0.497168
0.081760
0.270973
0.236852
-0.986370
-0.524282
-0.289917
-0.817375
-0.555939
-1.357683
-0.405732
-1.233476
-1.567696
-0.588521
-1.765643
-1.333150
-0.372815
0.893763
0.409528
0.218087
2.546335
-0.410474
-1.429070
0.761734
2.071445
1.861338
0.148784
1.501917
-0.945861
-0.715994
0.953048
1.541474
1.026466
0.451843
0.377732
-0.101311
0.212965
1.367469
0.592228
0.543072
0.545407
0.780114
0.053063
0.326917
0.686106
1.486272
1.579583
1.195658
1.846380
0.356928
0.247386
0.058543
1.065944
1.847961
2.591944
2.192737
1.251066
-0.239722
0.364860
1.664649
0.044187
-0.091842
0.059904
0.041657
0.980135
0.751606
1.490788
1.595366
1.784710
2.146087
0.667965
1.023644
0.063986
-2.006577
-1.124673
-2.302593
0.104510
1.124323
0.400960
0.625204
-0.513170
-1.778793
-2.443029
0.847818
0.697206
-1.085926
-0.688941
1.252317
0.868032
1.500576
2.092602
0.234816
-1.230794
-1.345586
-0.593451
0.693150
0.447030
0.906532
0.809539
-0.463162
0.123286
-0.089287
0.152443
1.102132
0.214303
0.528326
-0.778354
-0.108018
-0.557248
-0.046503
0.028783
0.327438
0.214047
0.530565
-0.048604
-0.905397
1.220493
0.974945
0.348045
0.832685
0.302614
0.904851
2.759237
0.461781
1.943086
0.424907
0.363458
0.313748
0.520925
1.388237
0.741296
1.658058
-0.263874
0.383126
-0.046219
0.333545
-0.316843
-1.187044
-1.126315
-0.690448
0.040047
-0.132441
0.317510
0.157604
0.073204
-0.379451
-0.401076
-0.711515
-1.054888
-0.745864
0.385371
0.345709
0.041082
-0.666013
-0.419781
0.376291
0.112047
1.424244
0.702700
0.463068
0.547440
-0.247625
0.883826
0.313887
1.623155
0.828076
0.499278
0.610283
0.170862
-0.264469
0.273363
1.112576
1.232806
0.609225
0.628044
-0.412552
-0.369470
-0.267339
-0.253953
0.243835
0.283849
0.613739
0.010270
0.121424
0.142977
-0.253393
-0.061592
-0.819211
-0.366286
-0.000322
-0.238902
0.696968
1.033823
0.435557
0.035494
-0.182950
-0.224104
-0.810293
-0.838410
-0.144542
0.492777
1.331844
0.993105
0.292031
-0.214208
0.534281
0.325745
0.335697
0.752687
-0.602777
-0.324155
0.692236
-0.030374
0.102853
0.697152
0.429591
-1.257718
-0.697013
0.105226
0.572215
0.120408
1.770864
0.799341
-0.442965
-0.310456
0.457573
0.800892
-0.105480
1.486309
-0.184209
-0.639879
-0.403877
0.093201
0.316634
0.034395
0.568365
-0.737586
-0.807379
0.051076
-0.364804
-0.292569
-0.179470
0.054451
0.482556
0.383384
0.629037
-0.700464
0.274935
-0.001089
0.127754
0.799525
0.242979
0.118565
0.891290
-0.835728
-0.707180
0.684696
0.485468
-0.371507
0.222496
0.139141
-0.782627
-0.200199
1.041031
0.691111
0.649517
-0.906704
-0.007805
-0.254377
-0.977370
1.530679
0.676115
0.677814
-0.668773
0.064334
0.301505
-0.328057
-0.115110
-0.004996
0.183471
-1.115188
0.400874
0.320692
0.797603
1.605661
0.660910
-0.296386
-1.158587
1.040047
0.759965
0.119938
0.552596
0.481087
-0.132313
-0.712403
0.886925
0.756089
0.833785
0.434489
0.591265
0.547387
0.653372
-1.211750
0.125901
0.892679
-0.719868
-0.865670
-0.464362
-0.350912
-1.301471
-0.584869
1.913303
0.236591
0.510576
-0.263587
-0.859258
-0.019980
-1.428384
0.604199
1.008630
0.732386
-0.832212
-0.819802
0.297941
0.140996
-0.012803
0.586510
0.371627
-0.846173
-0.877656
-0.195122
0.242380
1.175694
0.597251
0.168311
-0.512967
-0.977258
0.252477
-0.137721
-0.213296
0.362481
0.396302
0.001494
-0.515129
0.137125
0.163261
-0.010394
0.466007
0.207794
0.604231
0.013320
0.589675
0.211311
0.229308
0.682353
0.370989
0.187561
-0.301512
1.016968
0.128082
-0.859960
-0.398057
0.432726
-0.843881
0.338065
0.855839
0.263559
0.463278
-0.919025
-0.462693
0.247111
1.019658
0.915886
0.555104
0.617174
0.631621
0.340520
0.674741
0.425077
1.081049
0.440806
0.834961
0.009502
0.520825
0.352915
0.556482
0.254211
0.392624
1.078972
0.719178
0.125412
0.715874
0.977074
0.245716
0.074045
-0.093617
0.618457
0.480851
0.188049
0.142391
-0.405247
0.037285
1.709000
0.916241
0.450467
1.514310
0.560492
-1.282471
0.004567
1.803300
1.775801
0.971402
1.643749
0.859210
0.426496
-0.195984
0.886554
2.083482
1.495932
0.794911
0.969020
0.371180
-0.534781
0.502423
-0.146366
1.129791
0.176276
0.162613
0.911786
1.503269
1.324394
1.682856
0.687607
-0.696841
-0.141467
0.059503
-0.103713
1.474220
2.049509
1.866542
1.223921
0.236924
-0.417537
-0.060305
0.628147
1.616320
1.329223
1.632861
0.290474
-0.688766
0.156458
0.462007
-0.718998
-0.894026
0.002147
-0.489865
-0.059231
0.143658
1.223886
0.266868
0.077566
-0.000072
-0.329464
0.435934
0.030853
0.689526
0.726137
0.639557
-0.477327
-0.506406
0.361237
0.427334
0.332509
0.244798
1.064260
0.451119
0.003640
0.182956
-0.046702
0.230769
0.039041
0.867188
1.084369
0.343707
0.346657
0.449311
-0.296992
-0.011254
-0.631387
-0.431890
-0.106568
0.162230
0.837600
0.182917
0.109593
-0.366235
-0.690165
-0.650849
-0.444320
0.055366
0.204479
-0.081239
-0.238708
-0.294581
-0.080179
-0.451652
-0.118657
0.844440
-0.551362
0.800825
1.144289
1.004750
1.098596
0.012390
1.339813
0.427543
1.002636
0.329808
0.712783
1.095246
0.203505
0.159472
0.471369
1.183731
0.670445
-0.029120
0.786149
0.151391
-0.337728
-0.065257
1.097159
0.665772
0.366658
1.118625
-0.528134
-0.053832
0.537468
0.884118
0.766651
0.810026
0.195410
0.770646
0.417760
0.177413
1.540592
0.613669
0.149375
-0.086112
0.013676
0.740841
0.160701
-0.179402
-0.231352
-1.279136
0.689228
0.516310
0.360048
-1.149104
0.180529
-0.669280
1.102754
-0.039109
0.736742
-1.507272
-1.191881
-0.760484
0.523733
0.935632
-0.549413
0.004420
-1.024642
-0.571108
-2.522618
1.478997
0.965177
-0.406362
1.017397
-0.459035
-1.273698
-1.102242
0.341847
0.487061
-0.168337
0.632981
0.882636
-1.200063
-0.533547
-0.047630
0.061927
0.236053
-0.153746
0.080281
0.147328
0.868488
1.183782
0.827645
-0.691057
-0.261384
-1.060064
-0.002904
-0.355978
-0.804560
-0.545140
-0.628155
-0.779693
-1.697169
-1.845179
-1.753579
-3.077790
-0.766781
-0.468083
-1.079659
-1.818494
-2.035113
-0.948778
-0.681047
-0.387448
-0.315845
-1.275368
-1.578794
-0.274718
-1.185289
-0.653427
-0.713412
0.192127
-2.056390
-2.093313
-1.032407
-2.071567
-1.325746
-0.629182
0.314435
-0.340213
-1.733000
-2.220945
-1.078577
-1.427062
-0.515715
0.289944
-0.002357
-0.883652
-2.049995
-0.818963
-0.900098
-0.590953
0.590362
0.886947
0.175074
0.532324
0.522074
-0.649200
-0.068879
0.106565
-0.255631
-1.603430
0.998228
0.040385
-2.475497
-0.608064
-0.929640
-1.430730
1.315692
2.661625
2.004369
-0.667748
-0.638812
-0.472006
-0.423361
1.034054
1.406745
1.963149
0.188084
-0.661142
-0.387714
0.378758
0.528881
0.878822
0.362443
0.731937
-0.410585
-0.165508
-0.050336
0.266539
0.894259
-0.069155
-0.333308
-0.934997
0.351568
0.256558
-0.309728
-0.099546
-0.901598
-0.917647
-1.053892
-0.795367
-0.379535
0.344350
-1.795497
-1.944133
-0.121277
-0.666521
-1.083224
0.059372
-0.432897
-1.463012
-1.820784
-1.373883
-1.786053
-1.353993
-0.574598
0.242081
-0.703955
-1.110350
-1.593209
-1.749325
-1.266583
-0.943356
-0.891910
-1.592856
-0.661748
-1.088934
-0.755164
-0.644983
-0.984109
-1.570666
-1.331754
-1.317255
-1.755545
0.006512
-0.359088
-0.148908
-0.228086
-1.091602
-1.207566
-1.364720
0.086665
-0.214431
-0.699953
0.277660
-0.730154
-0.084246
-0.629285
-0.163170
-0.344728
0.193080
0.201887
-0.046825
-0.066570
0.317548
-0.445080
0.554366
0.283931
0.164239
1.134008
0.270334
0.661344
0.489733
0.341078
0.229055
-0.152746
0.541346
-0.464255
-0.321519
0.352057
-0.230465
0.778489
0.083380
-0.038615
-0.244353
0.366125
0.659648
-1.055630
0.427843
-0.186029
-0.618598
-0.540530
-0.682754
0.035119
-1.625687
-1.658866
-0.503475
0.144052
-0.008812
-0.039240
-0.401224
-1.274434
-1.427286
-1.352124
-0.440209
-0.517105
0.024980
-1.490492
-0.657468
-0.979182
-0.946465
-1.042442
-1.178700
-0.271579
-0.532667
-1.112926
-0.210637
-1.099827
-1.036304
-0.601187
-0.836981
-0.995790
-1.236666
-0.329908
-2.211553
-1.027706
-2.665592
-0.844316
-1.369725
-1.603776
-0.918414
-0.621310
-0.998894
-2.669783
-1.058709
-1.427872
-1.346789
-1.269822
-0.794048
-1.235767
-1.194904
-1.317997
-0.288310
-1.345319
-1.875680
0.589501
-0.389533
-0.223745
-0.689721
-0.582277
-1.206870
-1.402056
-0.970612
-0.837798
-0.036458
-0.680581
-1.189277
0.778929
1.122249
1.501405
0.686334
0.697680
0.373032
1.302393
1.221893
0.913787
2.253578
1.580767
0.580920
2.098460
1.281917
0.565300
0.313450
0.290954
1.099393
1.533994
1.869673
0.760858
0.132411
-1.057846
-0.688176
0.890646
0.785782
0.346004
0.171735
-0.190331
-0.376786
0.241987
-0.304574
-1.155539
-0.459785
0.513397
-0.211127
0.246166
0.509071
0.634068
-0.164605
-0.021015
0.206859
0.184495
-0.110138
0.075391
0.915040
-0.094493
0.532633
1.100471
-0.200313
-0.132265
-1.401456
0.238141
-0.076009
-0.481873
0.221937
0.203868
-0.072865
-1.602073
0.545927
0.034099
-1.556370
0.135983
0.451731
-0.296105
-2.243186
0.149029
-1.120685
-1.460945
0.815990
0.120010
-1.058949
-1.529709
-1.540108
-1.790095
-0.853302
0.659306
-0.336701
-0.486228
-0.996979
-1.560656
-1.671337
-0.804534
0.263785
0.211209
-0.573840
-0.981180
-0.343094
-0.557428
-0.992748
-0.536989
0.097971
-0.506441
-0.743208
-1.457338
-0.916883
-1.624211
-0.704248
0.592483
-0.110397
1.377845
0.558311
0.527979
0.462416
0.520723
0.423633
-0.130634
2.147954
0.055868
0.489900
1.669289
0.180085
-0.207838
0.042198
-0.224819
0.118376
0.129448
0.794321
-0.983844
0.208893
-0.746615
-0.523530
1.306171
-0.033188
-0.285891
-0.873107
0.639492
0.050405
0.804160
0.301635
-0.809143
-0.998049
-0.477096
1.051331
0.511633
0.411513
0.451996
0.029785
-0.869584
-0.988552
0.488094
0.658184
0.335779
-0.269359
-0.074461
0.572626
0.733509
-0.074288
0.368519
0.770700
0.639641
0.368406
0.257581
0.873156
0.365361
0.730554
1.175398
0.307022
1.696943
2.789757
1.431713
0.472657
0.533046
0.315629
1.469761
1.765763
0.876788
1.109128
0.159358
-0.230081
0.285747
0.034974
1.409073
0.994408
0.555133
0.493318
0.060034
0.461589
1.547726
1.711912
0.729163
-0.173545
0.775915
0.151405
0.957935
0.787835
0.353508
-0.133203
0.411261
-0.511525
-0.120598
0.718072
-0.105807
-0.413545
-0.002494
-0.689336
-0.275671
-1.048115
-2.214981
-1.040459
-0.700130
1.443671
0.715299
0.371881
-0.357962
-2.892448
-1.120908
-0.641689
-0.108242
-0.260160
-0.507980
-0.948731
-2.484227
-2.164619
-1.606933
-1.639752
-2.452708
-0.435074
0.726818
-1.212511
-1.843485
-2.417179
-0.677847
-1.179760
-0.633864
-0.171719
-1.251378
-0.625310
-0.081646
0.305743
-0.704259
-0.594697
-1.859979
-1.387028
-0.295173
-0.574790
0.737109
-0.942110
-0.580623
-1.720276
-0.884641
-0.417358
-1.012329
-0.387879
-0.495189
-1.022206
0.411638
0.488439
0.310256
1.033662
0.943631
-0.664146
-0.474528
1.272809
0.810019
-0.169095
-0.217609
0.056726
-0.446739
0.712999
1.863057
0.450315
-0.725267
0.403774
-0.026970
-0.279737
0.771198
0.959680
0.417759
-0.173019
0.359808
0.480354
-0.220989
0.846634
0.561820
1.403823
0.540804
0.651065
0.656300
0.576034
0.475549
0.603006
0.864097
0.343163
-0.067159
-0.267539
0.024925
0.288986
0.936565
0.342148
0.239674
-0.572950
-0.137050
0.630199
-0.741470
-1.353836
-0.391404
-0.021190
0.548645
0.447702
-0.240862
0.842222
-0.123397
0.014750
0.718145
0.785041
1.008797
-0.211452
0.419829
-1.015686
-1.691782
-1.141612
-2.117456
-0.928376
-0.028243
0.598444
-1.274782
-0.870905
-1.064392
-2.864030
-0.498546
-0.287364
-0.652785
-0.859869
-0.591053
-1.113261
-0.577267
0.109030
-0.451394
-0.259338
-0.724274
-0.225774
-0.796122
-0.382616
-0.881051
-1.306206
0.933656
0.179885
0.049429
-0.251253
1.457290
0.074757
0.138884
0.061602
0.262791
0.824910
0.048956
0.168272
-0.781040
-1.736938
-0.902651
0.427068
1.848892
-0.435714
-0.116347
1.051783
-0.581223
-0.710892
0.504733
-0.020832
-1.263544
-1.872149
-0.401049
-0.973376
-0.451688
-1.200495
-0.970073
-0.925636
-2.101412
-1.005635
-0.906945
-0.053840
-1.331373
-0.466171
-0.450298
-0.781956
-0.927127
-0.865292
0.018206
0.140383
-0.550748
-0.256425
-0.005848
-0.512695
0.477268
0.246157
0.377903
-0.316435
-0.086985
-1.009946
-0.835441
-0.317822
-0.679201
-0.691244
-1.470997
-0.573322
-0.218680
-0.668500
-0.010713
1.861441
0.325775
-0.662979
1.508353
0.746239
-1.138102
0.537885
2.020355
0.947523
1.974271
2.363246
1.427486
-0.095982
0.668021
1.939506
0.876017
1.532051
2.126490
1.161656
-0.094245
-0.574421
1.133686
0.883885
1.222536
1.276715
-0.036553
-0.344400
-0.493462
0.919972
1.120438
1.665764
0.985417
0.424383
-0.232864
-0.532395
0.528025
0.577245
0.688738
0.795599
0.298619
0.261482
-0.322573
0.606844
0.708609
0.839403
0.442414
0.930666
0.696522
-0.141834
-0.184522
0.596797
0.292967
0.007368
-0.322810
0.799795
-0.427131
-0.034840
0.429483
-0.048424
0.636226
0.156682
-0.440573
-0.989120
0.375293
0.372870
-0.246382
-0.530105
1.091990
0.909009
0.223446
0.437835
0.176569
-0.241098
-0.079463
1.016772
0.806056
-0.080493
0.316124
-0.423217
-0.302823
0.512637
-0.028551
-0.296420
-0.082850
0.668213
0.525034
-0.270418
0.043285
-0.752494
-1.023387
-0.509200
-0.243699
0.214403
0.276016
-0.551419
0.107915
0.787049
0.791251
0.568092
0.889564
0.066202
0.344005
-0.466968
1.492067
1.217709
0.323776
1.021475
0.734746
0.383048
0.304618
-0.447654
0.154372
-0.125737
0.464173
1.337902
0.821574
1.312966
-1.266315
-0.405789
-0.122624
0.531658
1.845754
2.050208
0.920210
-0.352935
-0.215473
-0.196026
0.611370
1.366708
1.171606
1.238686
0.165472
-0.174743
0.131504
0.087704
0.635587
0.676201
0.234909
0.167568
0.426330
-1.023646
-1.299377
0.042299
-0.481666
-0.207007
-0.150186
-0.976506
-0.639212
-0.317948
0.009353
-0.968368
-0.624650
1.225983
0.347884
-0.922988
0.362175
0.056571
-0.899142
-0.871384
0.283318
0.706420
-0.705099
0.550735
0.358067
0.208608
1.911564
0.811096
1.015610
-0.130150
0.684432
0.038398
0.303776
1.013158
0.399276
1.063792
-0.872466
-0.132238
0.514061
0.058188
0.066494
0.391941
0.397123
-1.178416
-0.260230
0.034821
0.047888
-0.209651
0.029445
-0.906938
0.014293
0.352932
-1.570705
-0.965332
-0.151471
-0.641763
-0.182975
0.143466
0.034845
-1.412330
-1.105881
-0.006700
-2.676637
-0.143993
0.692195
0.477611
0.381106
-1.280538
0.271761
0.362635
0.465153
0.460863
0.783009
1.022119
0.259982
-0.636949
0.047192
0.769435
0.271117
0.916139
-0.546701
-0.664686
-1.224399
-0.846811
0.463783
-0.049333
0.375051
0.775759
-0.914320
-0.750918
-0.682748
-0.684173
-0.590342
-0.308441
0.563980
-0.184579
0.177422
0.163724
-0.222041
0.379189
0.924393
0.453928
-0.482762
-0.299862
-0.112287
0.274493
-0.916153
0.345639
-0.372726
-0.588166
-0.410251
0.500587
0.402384
-0.572312
0.086439
1.115456
0.894360
0.315233
0.532204
0.314542
-0.206095
-0.272891
0.177980
0.282493
0.602271
0.035107
-0.220860
-0.576263
-0.606311
-0.329214
-0.037186
-0.769110
-0.387379
-0.843732
-0.591582
-0.346537
0.044405
0.085852
-0.422980
-0.175767
-0.218418
-0.380589
-0.012189
-0.367682
-0.005592
0.874442
-0.312989
0.686504
0.171844
0.218628
-0.534501
1.092593
1.574153
1.354815
0.971859
1.763690
1.852276
0.394152
0.898410
0.381384
1.589116
1.273395
1.798029
2.078958
0.416261
0.126517
-0.227102
-0.065331
1.392272
1.670489
1.115456
0.132535
-0.858273
-0.614309
-0.432368
0.640853
0.628448
0.201343
-0.395813
-0.430130
-0.622382
-0.553627
-0.000136
0.237533
-0.152219
0.229667
0.265260
-0.781505
-1.231562
-0.338076
0.811274
0.606465
0.443067
0.393924
0.028288
-0.655909
-0.520494
2.088652
1.622853
1.007916
1.043960
1.765627
0.628697
1.321169
1.245064
0.879343
0.949537
0.042227
0.957047
1.939718
1.019186
0.465511
0.726718
0.431557
-1.038073
0.477074
1.345203
0.880688
0.820017
0.892910
0.671549
1.337435
2.298705
1.247184
1.220275
-0.083977
0.629019
-0.087778
0.396078
0.526865
0.017011
0.391832
-0.274099
1.181554
1.195789
1.081840
0.392553
-0.057480
0.510102
-0.134401
0.266687
1.354700
1.224287
0.631302
0.539844
0.457905
0.553571
0.295085
0.916058
0.515566
0.817226
0.468071
0.942997
0.240679
0.552871
0.792581
0.149680
0.800620
-0.506187
-0.371683
-0.161166
-0.196507
-1.025573
1.271257
0.789000
-0.039512
-0.435877
-0.267447
-0.255327
-0.447900
1.375134
1.347896
0.185046
0.113677
0.285304
0.035430
-0.675297
0.937762
-0.255965
-1.128225
-0.279911
0.339296
0.860729
1.001581
0.957249
0.753433
0.154177
0.531508
0.415108
1.016562
1.239331
1.085070
2.582924
1.994335
0.655714
1.346994
0.733462
-0.295054
1.844424
1.943202
1.459079
1.351101
1.659812
1.100084
-2.193497
0.679388
-0.002741
-0.249470
0.793642
0.737325
0.192784
0.331963
0.906851
0.337988
-0.590218
0.538274
0.541391
-0.727086
-0.078126
0.235906
-0.472995
-1.713375
-0.209760
0.250406
0.043840
-0.339849
-0.750433
-1.145582
-0.780319
-0.627043
-0.495395
0.893570
0.303001
-0.396575
-0.542890
-1.018295
-1.349447
-0.192909
-0.087777
0.066115
-0.669716
-0.943895
-0.725802
-0.837931
-0.753933
-0.553065
0.465295
1.959797
0.769193
-0.315829
-0.918192
-0.726069
-0.702535
-0.176504
1.768019
1.849354
0.901080
0.686448
0.148723
0.297894
0.188547
1.418129
1.994909
0.836359
0.754364
0.124919
-0.255260
-0.403354
-0.411272
0.842360
1.039607
0.594501
-0.406224
-0.249130
0.672276
1.140366
1.363772
1.454859
0.521699
0.152868
-0.651914
-0.402811
0.628097
-0.220382
0.061540
-0.803387
0.425920
-0.135288
-0.152971
-0.004036
-0.508523
-0.508426
-1.169870
0.373890
-0.152218
-0.560589
-0.118659
-0.144246
-0.207887
0.366612
0.408942
0.051675
-1.138256
-0.551108
-0.429856
0.376834
0.676149
0.077807
-0.563414
0.609634
0.719036
-0.185145
1.130525
0.431961
-0.512871
-0.737647
-0.513323
0.114895
0.665547
0.683416
-0.085501
-0.596594
0.321617
-0.514445
-0.234337
-0.315906
-0.571864
-0.169998
-0.342247
0.197092
0.349068
0.800569
0.298541
0.577649
1.093416
0.480333
-0.494761
0.262309
1.809016
2.389269
2.059918
2.369276
-0.991160
-0.107108
-0.169628
-2.191135
-1.608996
-0.636149
-0.933432
-0.210070
0.970032
0.997705
-1.580287
-0.378197
-0.005873
0.148232
0.501738
1.290197
-0.033404
-1.169787
0.057579
0.297092
0.291870
0.738590
0.084103
0.356526
0.312983
0.037740
0.235601
1.495459
0.814110
0.018785
-0.556739
-0.167571
-0.744923
-1.090838
0.780302
0.575810
1.234027
0.241057
-1.603163
-0.602301
-1.097071
0.367434
0.508823
0.278182
1.024119
-0.374797
0.223384
0.196668
1.691312
0.412550
-0.129191
-0.597877
-1.852729
-1.880566
-0.492353
0.011834
-0.921276
-1.819204
-2.199892
-2.766034
-2.371327
-0.094914
-0.767183
-0.631698
-1.778763
-0.606376
-2.483811
-1.394807
-0.563361
-1.035018
-0.432139
-0.737354
-0.743753
-1.935679
-1.721368
-0.606023
-0.256843
-0.365519
-1.766983
-0.112286
-0.333934
-0.265145
0.315058
-0.183547
-0.538380
-2.291081
-1.031733
0.191103
0.869868
-0.022514
0.132747
0.904299
0.171209
-0.499156
-1.139500
-0.326199
-0.248391
-0.125928
-1.796874
-1.166072
-1.343350
-1.313393
-1.250646
-1.040019
-1.609983
-1.761809
-0.728964
0.851244
0.015150
0.705207
-0.237311
-2.120741
-1.419042
-0.088349
1.553763
1.912043
2.309664
1.426008
-1.600902
-1.120551
-1.046714
-0.201440
-0.541975
0.527990
-0.502068
-1.789973
-0.545450
-0.902837
-0.638595
-0.477507
-0.807570
-1.195644
-2.164557
-1.001274
-0.743897
-0.555578
-0.290346
0.341726
-0.515244
-1.028838
-0.724277
-0.580874
-0.336909
-0.495237
0.039852
-0.221425
-0.741012
-1.785853
-1.079407
-0.290608
-0.252752
-0.583075
0.257671
-0.248717
-0.839258
0.574401
0.819560
0.828664
1.088674
1.516677
-0.834376
-0.708396
0.617840
1.768399
1.352392
3.081915
1.307522
-0.040648
-0.273535
1.776425
1.975343
1.913749
4.510030
2.273953
0.772739
-0.187952
1.733990
1.994757
1.325214
2.368879
2.254648
1.275792
-0.007271
1.489090
1.888462
2.218160
1.478807
1.788576
1.899565
0.496197
0.661050
1.249973
1.192605
1.279841
1.022983
0.825547
-0.641292
-0.845558
-0.991768
-0.897730
-0.962833
-0.992121
-0.776059
0.021684
0.547289
-0.261168
0.400479
0.487380
-1.016247
-1.402525
-0.653377
0.505271
0.465735
-0.933298
-0.538530
-0.268220
-1.633165
-0.442041
0.404330
0.597636
0.196922
0.101024
-0.157764
-1.374537
0.106977
0.900545
-0.521644
0.410802
0.311234
-0.619081
-0.843780
0.409720
1.600211
0.900440
0.558968
-0.181075
-0.093911
-0.263722
-0.193377
-0.279538
0.545199
0.727983
0.717644
0.400343
0.845404
-0.433439
1.271852
1.493307
-0.038206
-0.348103
-0.108861
-2.239286
-1.633032
0.879184
1.761484
0.268039
-0.135260
-0.358229
-2.152462
-1.418091
0.149361
1.074032
0.951710
1.035407
0.150200
-1.538855
-1.696908
0.287455
0.691789
1.148547
1.189820
0.065127
-1.747768
-0.591886
0.476772
-0.383790
-0.474433
-0.626455
-0.031749
-0.575989
-0.463065
0.406443
-0.238729
-0.028283
-1.004339
-0.114239
-0.186662
-1.218581
-0.808567
-0.138498
-0.205315
-1.193919
-1.012000
-2.394114
-0.387320
0.399446
1.408748
0.074474
-0.029191
0.746743
0.063324
-0.247063
0.117827
1.384175
0.010496
0.021538
1.201929
0.781166
-0.817131
0.041518
0.093495
0.093544
-0.505444
0.790924
0.445532
-0.858814
0.285210
0.482282
-0.260660
-0.540382
0.161442
0.044511
-0.126511
0.755708
0.099813
0.172563
0.584191
-0.100593
-0.349868
-0.270606
-0.632568
-0.152342
0.077102
0.912769
0.202420
-0.702464
-0.955851
-1.123910
-0.983234
-0.491844
-0.717867
-0.778618
-1.278463
-0.544172
-0.597620
1.104701
0.289070
-0.344271
-0.489546
-0.262538
0.341917
0.676705
1.791695
1.277464
1.533014
0.512826
0.506315
0.340561
0.675544
0.803477
1.583030
2.340452
1.288781
0.452914
-0.366974
-0.029012
0.543484
1.896981
2.029258
1.337823
1.034197
-0.492224
-1.072851
-1.200042
-0.184058
-0.189794
0.805750
1.413041
0.157248
0.296598
-0.033283
0.106475
0.699499
0.639662
1.358859
0.087611
-0.009282
0.224199
1.297528
2.073808
1.659330
1.666653
-1.084373
-0.198539
-0.084515
-1.244426
-1.198666
-0.540392
-0.094592
-0.343989
0.832619
2.675221
-0.260454
0.039440
2.180035
0.180742
0.028391
1.951500
2.898380
1.437353
2.085059
1.707065
0.251514
0.183143
2.107027
2.515970
1.148365
2.010172
1.121695
0.313082
0.612452
1.189322
1.990020
1.011704
0.229305
0.840540
0.623496
0.821536
0.098205
1.384463
0.805720
0.247878
0.837159
1.398256
1.157488
0.060113
0.156734
0.579211
-0.364088
0.238573
0.527956
0.974899
0.110871
-1.376356
0.961532
0.670640
-0.678328
-0.775396
0.295818
0.194307
-0.721025
0.286078
0.611246
-0.052069
-0.627375
-0.137371
0.474899
0.736236
-0.641204
1.292171
0.730168
0.647468
-0.605256
2.534723
2.903364
0.289950
2.639121
1.994020
0.176457
-0.708516
1.700427
1.464542
0.279409
0.547290
1.713636
0.883578
-0.513218
-0.447275
1.222157
1.247437
-0.274405
1.187580
1.133251
-0.997039
-1.023577
-0.235783
1.292299
0.039050
-0.680642
-0.140423
-0.367866
0.490031
-0.202927
0.834108
-0.029267
0.030125
-0.383046
-0.501088
-0.553029
-0.510988
0.808869
0.957042
-0.149652
-0.184621
-0.587222
-0.762487
0.233382
0.704152
0.065369
0.352172
0.328180
-0.281844
0.309922
-0.204376
-0.093355
-0.689954
-0.067596
0.090665
-0.228613
0.825627
0.620859
1.316566
0.411562
-0.882525
-0.477381
-0.238878
0.439093
0.387177
1.944008
0.953558
0.940668
0.600008
-0.206806
-0.071135
0.383105
-0.289610
-0.290958
0.010412
0.540082
-1.802069
-0.622011
-2.128896
-1.240456
-1.134443
-0.314708
-1.353336
-1.679113
0.279602
-3.005474
-0.770591
-1.049818
-1.601398
-1.545496
-0.635491
0.431889
-0.846111
0.125973
-0.879878
-0.680832
-0.811791
-0.318100
0.885465
-1.029626
-0.784335
-1.101969
-0.319990
-0.624757
0.709904
1.302482
0.571494
0.326307
0.795198
0.449947
0.340848
0.051568
0.554604
0.461488
0.631808
0.682294
0.445173
1.009203
-1.190847
-0.347897
0.219162
0.163486
0.340882
-0.043163
0.168341
1.169990
-0.492991
-0.499165
0.691914
0.255869
1.167903
0.629716
0.188590
-0.162294
-1.131821
0.263001
-0.157637
0.579196
0.047498
-0.086580
0.154138
0.164563
0.112017
-0.285452
-0.942340
0.106221
0.299111
-0.000632
0.814884
-0.646843
0.991116
0.622117
0.733369
0.375749
0.708149
-0.434377
-0.681392
0.432207
0.567774
0.467208
-0.435053
-0.643232
0.376973
-0.343692
-0.690092
-0.111053
-0.294296
0.277530
-0.673136
0.428497
1.181882
0.314815
0.443166
-0.274588
0.701244
-0.249321
-1.052257
-0.643281
-0.256818
-0.247644
0.344922
1.269770
-0.075040
-1.407386
-1.363415
-1.367775
-2.266317
0.051067
1.748587
-0.089402
-1.564203
-0.893449
-0.853325
-1.027362
0.605142
0.842426
-1.148185
-0.675108
0.172276
0.176478
-0.352891
-0.215936
-0.063760
-1.617617
-1.009137
-1.483551
-2.238709
-1.359881
0.023832
-0.271842
-1.434933
-0.930083
-2.023029
-1.299653
-1.897982
-0.897121
1.416836
0.662698
0.148464
-0.203086
-0.308074
0.421638
1.628377
-2.694464
-1.860002
-0.972590
-1.489935
-1.778328
-0.258677
-1.399678
-1.503763
-0.463013
-0.417510
-0.092129
0.380436
-0.039440
-0.457047
-0.961116
0.686578
1.152197
2.008084
1.512941
0.684133
-0.115996
-1.010198
-0.318819
0.135738
0.775227
0.356570
-0.908349
-0.426096
0.671713
0.333144
-1.136631
1.027464
0.513978
-0.849981
-0.525279
0.677884
0.166377
0.049108
-0.006031
-0.378744
-0.163016
-0.262692
1.086714
0.695315
1.278980
1.092908
0.158362
0.554534
0.611951
0.309868
0.786966
1.218121
0.408568
0.050890
0.304035
-0.985824
-0.326272
-0.770305
0.311289
1.634999
1.163623
1.761104
-0.037541
-0.249920
-0.396049
-0.288895
1.547324
0.595325
1.446712
-0.374258
0.055438
1.369221
1.178010
-0.049620
0.993270
1.443280
0.676687
0.287299
1.807469
1.739427
0.931373
1.328327
1.311353
0.767312
0.474515
0.665980
0.463742
1.443083
0.946523
1.036892
0.856024
0.086258
-0.355601
-0.093305
0.322767
0.587833
0.156893
0.076482
-1.088471
-0.338268
-0.783662
-2.354792
-1.635084
-0.582304
-1.581043
-1.357170
-0.911797
-0.526810
-0.665733
0.525399
-0.879518
-1.371770
-1.463920
-1.047950
0.632642
-0.569958
0.795871
-0.747164
-1.079240
-1.076088
-0.315143
0.726466
1.044163
1.532482
0.534521
-0.456559
-0.215984
-0.837020
-0.699170
0.657329
0.323740
0.033272
-0.329989
0.084878
0.176925
-0.531772
-0.908264
-0.056171
-0.791110
-0.076823
-0.185139
-0.433144
-0.445175
-0.502327
0.113536
-0.111276
0.028923
-1.526792
-0.940727
-0.346691
-1.283766
-1.497408
0.459099
-1.581550
-2.049731
-0.138797
0.917911
0.288895
0.334766
-0.908546
-1.392262
-2.249692
-1.371352
-0.776303
0.822601
0.770119
0.545514
-1.557729
-1.573880
0.228151
0.751566
0.866537
1.086705
0.216500
-1.039276
-0.363934
0.361629
0.695756
0.710499
0.676269
-0.232026
-0.442006
-0.204073
-0.445454
0.235367
0.977799
1.010991
0.429543
0.000826
-1.261154
-0.895850
-0.044256
0.186008
1.582403
0.420408
-0.075285
-0.426446
-0.312453
0.854559
0.399187
0.210552
-0.841879
-0.460063
-0.099845
0.953753
0.961062
0.639629
0.078997
-1.176784
-0.239980
-0.389575
0.072187
-0.267645
-0.601684
-0.372628
-0.248464
0.447114
-0.235858
-0.775354
-1.139683
-0.454829
-0.888876
-0.091460
0.804406
-0.200199
-0.640504
-0.292403
-0.058099
0.178762
-0.552962
-0.082035
-0.154826
1.067811
0.747036
0.101189
0.349617
-0.749736
-0.334433
0.117791
1.131030
0.783208
-0.533079
0.504770
0.146650
-0.321806
-0.415789
-0.925995
-1.041405
0.788084
0.447345
-1.160352
-0.039062
0.195538
0.779811
0.156748
0.833377
0.288503
-1.640114
0.571402
0.373760
-0.469277
0.039825
-0.950553
0.468678
-1.477696
0.780290
-0.207887
-0.921667
0.739353
0.698266
-0.560213
-0.789921
-0.069316
-1.207912
-0.987146
0.311573
0.352370
-1.331311
-1.133308
0.054311
-1.809009
-0.134086
0.047721
-0.416236
-0.009096
-1.230631
-0.182598
-2.023023
-1.281765
-1.028529
-0.194760
0.066671
-0.268875
-0.188927
2.775006
1.964435
2.089307
0.741956
0.824267
-0.200903
1.454157
1.841757
-0.225738
-0.412394
-0.675887
-0.318131
-1.340955
0.586997
0.650929
-0.641579
-1.776766
-0.493174
-0.667635
-0.969216
0.337070
0.487691
-0.299034
-0.188916
-0.141090
-0.338130
-0.430374
0.526851
0.031071
0.064014
0.013389
0.487927
0.586249
-0.321831
0.008754
-0.542341
0.374837
-0.134929
-0.040087
0.234656
0.081381
0.064888
-0.257235
-0.458970
-0.668987
-0.197477
0.140251
0.169561
0.390549
0.631791
0.182387
-0.159208
1.735331
1.657193
0.137154
1.475154
0.836878
0.217902
-0.393999
-0.094372
0.540528
0.298929
1.504919
0.767973
0.215456
-1.115833
-1.634428
-1.311611
-0.361734
0.828547
0.515434
0.116004
-0.177872
-1.158503
-0.868208
-0.165440
0.547085
0.215079
-0.571750
-0.587305
-0.536616
0.006965
0.591633
0.790225
-0.280630
-0.926345
-0.863551
-1.070247
-0.685428
-0.331022
-0.419796
-0.766698
-0.713482
-0.326682
-0.418674
-0.553940
-0.106026
-0.561297
-0.896604
-0.522021
-0.337576
0.251702
-0.244206
-0.411561
-0.764407
-0.103620
-0.400919
-1.045433
-0.601163
-0.817410
-1.502850
-0.125770
-0.300733
-1.037637
-0.358450
-0.932920
-1.281841
-1.149536
-0.259327
-0.164555
-0.922786
-1.260872
-0.676369
-0.776129
-0.988263
-0.021493
-0.724699
-1.197614
-1.359522
-0.952995
-1.013123
-0.924039
-0.297441
-0.835528
-0.598164
-1.159315
-1.290076
-1.209395
-0.999662
-1.043556
-0.524419
-0.406090
-0.451491
-0.457587
-0.458015
0.268897
0.323335
-0.378595
0.581085
0.350565
-0.163821
0.547604
-0.741803
0.433968
-0.005370
0.578343
0.076350
0.857316
0.779839
-2.002825
-0.533630
0.576780
-0.022777
-0.146762
0.593883
-1.061081
0.372248
0.703555
0.797909
0.826084
0.069483
-0.177042
-1.443739
0.478955
0.370589
0.440332
-0.117705
0.296170
-0.482437
-0.253232
0.453064
-0.347706
1.081146
-0.949345
-0.862006
-0.267578
-0.203048
0.396448
0.223925
0.694703
1.142143
0.112101
0.192787
-0.057445
0.532027
0.477242
0.030402
1.005691
1.378723
0.952969
1.014989
1.134032
-0.085091
-0.564157
0.859427
0.754399
-0.018841
-0.581214
1.853324
2.054777
-0.154753
0.488040
-0.226648
1.185111
-1.417386
-0.869234
0.530582
-0.232860
0.911172
1.028510
0.757473
-0.310762
-1.414255
-0.304157
-0.205526
1.167608
0.735630
0.755183
0.436837
-0.692108
-0.275335
-0.838100
0.558538
1.067392
-0.265561
-0.168517
0.354765
-0.153466
-1.839763
-1.406214
-0.719989
1.218263
0.424231
0.798377
0.100182
-0.679645
0.208739
0.035960
0.487355
0.190926
-0.484857
0.694460
0.650047
-0.163927
-0.134462
1.915318
1.441203
-1.751559
-0.153388
0.507818
0.616821
-0.210497
-0.275022
-0.457953
0.374645
0.676568
0.475871
0.839013
-0.157850
-1.964748
-2.722926
0.411534
0.692964
1.171494
0.082918
-0.333972
-0.820264
-1.079174
0.205492
0.776558
0.205232
-0.708348
-0.318585
-0.082403
-0.340191
0.380307
0.818592
-0.599239
-0.763909
-0.371736
0.215631
0.112813
-0.018938
0.130830
-0.873448
-0.883483
0.493306
-0.127444
-0.537243
-0.411775
-0.435106
-0.197641
-0.152459
1.340893
0.069593
0.905957
1.128360
0.629826
-0.462649
-0.062453
0.104485
0.454729
0.178972
0.219049
-0.181291
-0.407452
-0.303968
0.423490
2.018734
0.578167
0.496410
-0.061775
-0.758528
-0.206110
0.751931
1.349649
0.241489
-0.460769
-0.029579
-0.643212
0.541208
1.182431
0.739723
0.828713
-0.313777
0.097842
-0.244548
0.152235
0.354049
0.601059
1.126962
0.088214
0.384713
-0.285305
0.082465
0.222186
0.273146
0.809812
0.781012
0.984649
-0.261700
0.204303
0.392467
1.186387
0.829198
1.471594
-0.260589
0.537957
0.087664
-0.103981
1.319937
0.981574
1.169145
-0.439371
0.147773
-0.358096
-0.708068
0.151248
0.303818
0.814962
-0.669959
-0.521389
-1.181184
-0.323504
0.689064
0.859591
0.361220
-0.354116
-0.625505
-0.535447
-0.034705
0.402600
1.010974
0.232442
0.183499
-0.377563
0.400053
-0.100790
-0.337449
-0.176529
0.421172
-0.115607
0.077298
-0.010348
-1.204632
-0.036825
0.253418
1.308845
0.383208
-0.400377
0.005955
-0.812074
-0.255386
-0.003035
-1.198908
0.121436
1.326510
1.061289
2.583310
1.200386
1.869727
-1.259558
0.494462
1.106729
0.354181
-0.553451
-1.228619
1.729402
-0.574475
0.511807
1.011758
-0.421522
-0.831249
-0.348240
-0.201879
-0.771897
-0.195711
1.281878
0.693818
-0.030475
-1.357035
-1.785324
-1.329855
-0.570977
0.588098
0.663615
0.712053
-0.210795
-1.023549
-0.227529
-0.293475
-0.714898
0.171715
0.477667
-1.467161
-1.346634
-1.798074
-1.939733
-1.066281
0.353185
0.223017
-1.720761
-0.879278
-1.380224
-1.250737
-0.816863
-0.225403
0.151317
-1.749267
0.825755
-0.381387
-1.315383
-1.142568
-0.282488
0.431916
-1.010642
1.309731
-0.789816
-0.521032
-0.886753
-0.813316
0.313739
-0.341393
-0.238713
-1.256459
-0.717576
-1.001047
-0.247255
-0.048069
-0.387209
-0.162136
-0.746174
-0.430282
-0.398284
-0.302028
-0.649992
-0.763990
-1.395142
-1.309604
-1.140349
0.551375
0.326525
0.085150
0.450499
0.488160
-0.679006
0.454044
-0.742269
-0.511370
-0.757610
-0.266405
-0.706815
-0.170426
-0.132078
-0.035236
0.219244
0.104490
-0.337852
-0.734087
0.077746
-0.467609
0.273733
0.260616
-0.677773
-1.766908
-1.151906
0.143772
-0.999223
-0.200883
-0.743584
0.087828
0.924452
0.750087
-0.181550
-1.222206
-0.086110
-1.279236
-0.487882
0.723228
0.380283
0.391677
-0.781596
0.095317
0.281491
0.007085
0.250602
-0.795392
-0.354765
-0.527385
-0.129512
0.245455
0.643288
0.358405
0.069948
-0.448621
-0.235515
0.436184
0.636925
0.812297
1.255481
1.095876
0.566457
0.524324
-0.560022
0.981842
0.601956
1.781396
1.891017
0.352999
0.469548
-0.374497
0.906496
1.797004
2.392442
3.078835
0.278960
0.194225
-0.349465
-0.039677
0.007244
0.017131
0.628184
0.147161
0.542571
-0.871792
0.554316
1.274609
-0.067204
-0.074717
0.196241
-0.035391
-0.629813
-1.331354
-0.348314
0.406393
0.530700
0.624473
0.282792
-0.609006
-1.121962
-0.736712
-0.167766
-0.372477
-1.837599
-0.778170
-0.570154
-0.377745
0.761601
0.226379
0.131700
-1.379562
-0.538130
0.074242
-1.057409
0.432134
0.013978
0.088777
0.613587
0.380131
-0.035298
0.616493
0.559132
0.112472
0.113080
0.628285
0.282902
0.361064
0.198431
-0.133283
0.884095
1.455286
1.323964
0.691215
0.647679
-0.555233
-0.420267
0.302763
-0.356914
0.134137
1.180241
-0.121201
0.504065
0.540925
-0.682717
-0.897412
-1.196227
-0.444707
0.712120
-1.701289
-1.364900
0.806275
0.483513
-0.663702
-0.053597
0.432225
-1.159446
-3.102635
1.237958
-0.276603
-2.517113
-0.374076
0.179604
-0.433905
-0.195929
0.156583
-0.555253
0.549952
0.217587
0.196082
-0.678185
-0.987269
-1.774005
-0.021164
0.431991
0.593063
-0.198598
-0.528845
-0.762633
-0.417003
0.000745
-0.432541
0.395781
0.281327
-1.073909
-0.752027
-1.199683
-0.872598
-1.012946
0.568146
0.622860
0.495653
-0.086873
-0.997490
-0.299805
0.039570
0.375143
0.445668
-1.118500
-0.892843
-0.771876
-0.614187
0.795394
-0.094747
0.177218
0.167826
0.171321
-0.458354
-0.554505
1.610895
-0.007933
-0.067252
0.439407
-0.269542
-1.947323
-1.130653
0.056862
-0.380499
0.505769
0.644122
0.460519
0.314375
-0.003662
-0.171942
-0.342708
0.108751
0.609751
0.311848
0.645441
0.293831
-0.474441
0.226804
-0.214558
-0.278893
-0.112643
0.089138
1.050398
0.481044
0.189954
0.475081
-0.062553
-0.019152
-0.053847
0.710641
1.262908
1.487482
0.206968
0.891094
0.232309
0.698825
1.215858
-0.042886
-0.002170
-0.839998
0.624169
-0.188813
-0.691698
0.112978
0.001211
0.248397
0.238442
0.379661
-1.517886
-1.227266
-0.867888
0.974002
0.634090
0.255342
1.617949
0.491364
0.438869
0.358052
1.005505
0.893763
-0.056826
1.266850
0.614769
1.501096
2.054543
1.183951
0.829552
-0.343541
0.821223
0.859998
1.701686
1.286839
1.559254
1.437664
-0.306725
0.051518
1.180487
1.655346
0.406082
0.355317
-0.063278
-0.647959
-0.307021
0.659783
0.123747
-0.562011
-0.219631
-0.120224
-0.795490
-0.325319
2.443016
0.979199
0.142429
2.020576
0.120152
-0.296946
-0.152186
0.528637
1.042536
-0.533776
0.815461
-0.118237
-0.225000
-0.342037
-0.151179
-0.162685
-0.926201
-0.209764
0.886742
-0.191877
-0.449962
0.360791
1.195637
0.546242
0.183233
0.534364
-0.337077
0.277975
0.506973
-0.538575
0.082367
-0.840034
-0.452654
-0.309011
0.258807
-0.870292
-1.051628
-1.207898
-1.033689
-1.440634
-0.919646
-0.229366
-0.179793
-0.828651
-0.507826
0.354941
-0.766796
-0.844697
-0.360245
-0.293372
-0.722069
0.155733
1.583726
0.044912
-0.767417
-0.250595
-1.264868
0.180860
-0.441715
1.518756
-0.318704
-0.944448
0.026463
-1.373058
0.384257
-1.703925
0.192705
-0.622129
-0.874829
-0.236875
-0.314068
-0.350309
-0.958267
-0.922573
-0.721496
-0.485650
-0.044652
0.895709
-0.040683
0.228921
-0.143559
-0.256774
-0.796155
-0.100808
-0.056945
0.095405
0.160906
0.302215
-0.349837
-1.853900
-0.857362
-1.125236
-1.215824
-1.680687
-1.704662
-1.758188
-1.424097
-1.307631
-1.205661
-0.378668
-1.510922
-0.384585
-1.273102
-0.988844
-0.763511
-0.281481
1.411230
-0.042911
0.963747
-0.609153
-0.880094
-0.129496
-0.009676
-0.112503
0.096105
-0.222597
-1.231401
-0.405539
-0.512023
0.109032
0.160602
0.266769
0.010284
-1.076621
-0.488686
-0.159778
-0.049958
1.047166
-0.392610
0.253758
-0.761363
-0.440695
0.439714
0.421592
0.496967
-0.280344
0.593572
-0.238699
-0.431343
-0.225622
-0.358984
0.557812
0.390509
0.035193
-0.353904
-0.108355
-0.216404
0.379984
1.601030
1.175190
-1.559402
-0.901349
0.677091
0.338037
0.095167
1.443587
0.442430
-0.590629
-0.473266
0.821856
0.929733
0.215601
0.067237
-0.083483
-0.762371
-0.339621
1.487500
1.196187
-0.448628
0.245745
0.704142
0.636680
-0.407717
1.638945
1.410580
0.181030
0.132670
-0.189110
0.487658
-0.832586
1.889117
1.717406
1.816439
1.259608
-0.087246
1.272657
1.318473
1.968975
0.790242
-1.130114
0.934217
1.452347
-0.248145
1.467566
0.895175
0.631611
-0.119988
0.716767
0.903459
0.370425
1.341815
0.566584
0.342481
0.483545
2.170741
1.329091
1.945282
0.140553
0.240367
-0.198836
-0.183364
0.408405
-0.079274
0.609805
0.211971
0.066342
0.173046
0.290256
0.267992
0.266899
1.502177
0.899954
0.058204
-0.486494
0.665873
0.405372
0.506949
1.302398
0.200064
0.493436
0.072623
-0.001032
0.601674
0.022539
0.829231
0.528880
-2.338891
-0.633135
0.175295
-0.647832
-1.071576
1.609262
-0.068085
-1.617074
-0.570798
-0.152691
-0.142828
-0.253094
1.706303
0.987706
-0.337573
-1.024694
-0.493441
-0.462199
0.193169
0.618657
0.139925
-0.640199
-1.354917
0.273577
-0.626784
-1.045924
-0.257432
-0.469934
-0.807629
-0.086699
0.122071
0.225187
-0.489554
-0.187590
-0.714129
-0.924398
0.238281
1.186332
-0.392276
0.283640
-0.030677
-1.446263
-0.919094
-0.556934
-0.213865
0.216786
0.025334
0.194934
-1.266881
0.839148
-0.881882
-1.913920
-0.759390
-0.429560
-0.685720
-0.569771
0.829412
0.536630
0.674035
-0.282049
-0.487544
1.234224
0.002485
0.595884
0.195223
0.825764
1.141628
0.130925
-0.635616
-0.625871
0.946606
0.594249
1.625855
1.691859
1.239759
-0.615691
-0.742575
-0.134048
0.202745
1.742035
2.319514
2.449661
1.028307
0.061830
-0.149114
-0.922614
1.587647
2.339507
1.210621
1.181817
0.806842
0.380576
0.348152
0.252249
1.867951
1.165072
1.025065
0.673573
1.537473
1.290286
0.745148
-0.065814
0.675038
-0.175860
0.164107
0.966073
-0.610381
1.063778
1.087460
-0.010455
0.243257
0.491585
0.450676
-0.551171
0.840811
0.720687
1.478149
-1.378703
0.081207
0.324087
-0.134373
1.175561
0.924417
1.433701
-1.610974
-0.640980
0.281795
0.978091
1.199869
-0.041709
-0.444221
-0.817675
0.113666
0.554442
0.201248
-0.087364
0.220295
0.871642
0.026727
-0.998361
0.290666
0.231068
-0.240900
-0.008355
0.303484
-0.263168
-0.153586
-0.076600
1.204821
1.172556
0.742349
1.007118
0.857942
0.205119
0.668580
1.279316
1.172809
1.790792
0.855052
0.763891
0.813199
0.168860
1.595713
0.816888
1.983275
0.513257
0.292009
0.797473
-0.601082
1.220388
-0.484146
-1.430118
-1.003387
0.232271
0.722058
-0.565336
-0.635761
0.766643
0.653879
1.235668
2.036994
0.436198
-0.620874
-0.995692
0.276399
0.465088
0.816856
0.672315
0.917958
-1.081702
-0.803707
-0.033928
0.656323
0.008011
-0.653467
-0.319746
-1.618448
-0.747625
1.140926
-1.780608
-1.995518
0.131485
-1.372259
-0.689101
0.949563
3.908461
1.358357
0.579180
1.974758
0.721242
-0.485987
0.657676
-0.342102
0.285742
-1.101553
0.352543
0.105346
-0.012853
0.299995
-0.656205
0.068274
-0.148274
0.215385
-0.131534
0.874806
0.970948
0.037154
-0.019899
-0.279057
-0.437113
-0.140615
1.834479
1.298193
0.701460
0.389582
-0.906025
0.001555
-0.004356
2.222308
1.577599
1.858944
1.989004
0.935208
1.519812
2.089890
-0.300225
-0.080921
0.675053
-0.026680
0.065840
0.188103
0.597777
-0.117309
-2.042825
0.164922
-0.759874
-0.141391
-1.102330
-0.864755
0.585965
-1.822370
-0.326622
-0.881669
-0.678717
-1.782743
-0.339094
0.746747
-1.804392
-2.468540
-1.843065
-1.618592
-1.687067
-0.285509
0.670761
-1.195475
-1.473371
-2.118188
-2.450494
-1.888710
-0.814739
0.879829
-0.158527
-0.347791
-1.558296
-1.961721
-1.596848
-1.344631
0.628254
0.243515
0.262130
-1.065969
-1.195569
-0.623733
-0.472207
-1.055142
-0.340137
0.534293
-1.041504
-1.005267
-0.756073
-1.396356
-1.828331
-0.632646
1.300966
0.282488
0.084898
0.612543
-1.485476
-1.027687
0.843519
-0.349378
-0.663215
-1.510928
-0.614587
-1.549904
-1.102361
0.062635
0.030127
-1.084702
-2.382623
-1.313696
-1.364952
-0.093481
-0.842857
-1.215400
-0.408800
-0.752354
-0.599471
-1.118954
-0.440447
-0.148048
0.122488
-0.503101
-1.200757
-0.740888
-1.292421
-0.615239
-0.030073
0.124089
0.546648
-1.030835
-0.299517
-0.779510
-0.207510
-0.317447
-0.118593
0.097383
-0.081466
-1.169285
-0.797418
0.498233
0.031445
0.346288
-0.074350
-0.507035
-1.212236
-0.718469
-0.032608
-0.283272
0.133527
0.120557
0.062821
-0.252784
0.869446
-0.154377
1.130767
0.772537
1.942098
2.678907
1.143578
0.901429
-0.040032
0.697296
1.524469
2.043002
2.509347
1.060351
0.559236
-0.136470
1.045913
1.422374
0.810199
1.601787
0.821784
1.127832
0.179922
-0.334306
0.201899
-0.059886
0.454216
0.439337
0.595518
0.594310
0.722637
0.248544
0.395009
0.161056
0.435760
1.118786
1.064861
0.566466
0.810379
1.174041
1.253641
1.675625
1.877586
-0.092617
0.166387
0.750627
1.218992
1.712703
1.310073
0.583501
-0.195279
0.736211
0.866211
0.523078
0.725439
1.479025
0.644695
0.085117
0.966371
0.505616
-0.902948
-0.603286
0.980615
1.003484
1.217400
1.068177
1.431418
0.303636
-0.455382
0.633988
1.303254
1.111445
0.586197
0.267796
0.339879
1.247543
1.001181
0.919781
1.211096
-0.009006
-0.651862
0.353003
0.879209
1.183760
1.157294
1.537771
1.286739
-0.058157
0.573199
0.032462
1.356263
1.287247
1.173991
0.637002
0.552155
0.423518
0.576660
0.762152
1.077070
1.282997
0.117133
0.082398
-0.325870
2.084984
0.569504
0.312124
0.959015
0.021877
-0.549455
0.098065
0.555495
0.279959
0.125381
0.973658
1.082512
0.656883
-0.582780
-0.534175
-0.877949
-0.816257
0.718258
0.855710
0.708156
-0.235841
0.056508
0.295523
0.000010
1.305271
-0.678894
-0.152856
0.795016
0.679842
-0.134817
0.128369
0.268317
-0.339900
0.920117
-1.106402
-0.131004
-0.121574
-0.372728
0.354812
-0.116604
1.427182
0.555642
2.298780
-0.196581
-1.087450
-0.098150
-0.263719
0.955092
2.185236
2.296962
0.115244
-0.710121
0.085378
0.304215
1.121320
-0.277667
-0.051369
0.492123
-0.414024
1.086332
1.062126
-0.078198
-0.880224
-0.941475
0.149861
-0.541906
0.626907
0.336507
-0.035602
-0.461993
-1.578118
0.005849
0.682863
0.667307
0.299510
0.230686
-0.083136
-0.386488
-0.281805
2.342075
1.017460
0.546798
-0.556321
-0.389239
-0.670154
0.029844
1.106548
0.516310
1.136006
-1.214867
-0.979873
-2.030753
-1.225469
0.507592
0.452991
0.576577
-0.091751
-0.935552
-0.703010
-0.312602
1.163830
0.100474
-0.425451
-0.407830
0.294253
1.219899
-0.269360
0.705309
-0.656030
-0.473102
-0.091881
0.211969
0.060080
-0.525313
0.634038
0.212409
0.268893
0.508046
0.076928
0.170840
-0.179568
1.546753
0.092435
1.399756
1.619298
-0.194662
0.172290
0.607494
0.595299
0.558188
0.174670
2.401691
0.871273
1.079049
0.260930
0.360543
-0.008146
-0.514899
0.857596
1.332275
1.290375
-0.745374
0.360012
0.059917
0.283091
0.069962
0.690957
-0.367584
-0.281978
-0.548809
0.288969
-0.145178
-1.041179
-0.502717
-0.675735
-0.732333
-0.247714
0.512417
-0.451996
-0.500492
-0.628014
-0.503034
-0.686455
0.359934
0.775067
0.699380
0.824897
0.410303
0.780189
0.305407
0.866059
-0.208426
1.728070
1.975853
-0.705563
-0.352457
0.437660
-0.293024
0.438814
1.829831
2.829601
-0.116468
0.313618
-0.355833
0.356219
0.129657
1.630071
1.531129
0.174993
0.978268
1.127017
-0.033494
0.079540
0.883421
1.247597
0.180912
0.713441
0.586783
-0.677904
0.353323
0.308902
0.760526
0.790851
-0.037518
0.797993
0.052835
-0.077336
0.132871
0.624430
0.179373
1.473101
0.986454
0.008780
-0.717749
-0.467930
-0.481752
0.168615
0.021788
0.075817
0.756015
0.637476
0.925082
0.535677
-0.477663
0.128590
-0.373394
-0.623221
0.711769
0.306662
0.089774
-1.531825
0.315431
-0.764940
-0.756402
1.086381
0.352114
1.185620
-1.146200
0.143170
-0.999921
-0.245452
0.810780
0.347228
0.352707
-0.303228
-0.202943
-0.787509
0.017751
0.194982
-1.934511
-0.777914
-0.565464
-0.843259
-1.416942
-0.386155
0.089004
-1.353242
-1.034396
-0.630116
-0.270133
-1.477905
0.215128
-0.341511
0.102881
-0.391880
-2.156371
-0.145544
-1.127819
-1.585305
-0.214913
-0.808264
-0.527315
0.041174
-0.057432
0.429862
0.147443
-0.324387
-0.062243
0.688903
0.286191
0.359126
0.717893
-0.012507
-0.231806
0.012603
-0.970824
-1.135349
-0.381382
0.025888
0.172152
-0.282772
0.671360
-0.186438
0.385276
0.924424
0.691200
1.127995
0.021404
0.333560
-0.755562
-0.858832
-0.374637
-0.510259
0.625407
0.173273
0.202478
0.433762
-0.168291
-0.429409
-0.251806
1.260660
-0.346156
-0.199824
0.373769
-0.569942
-0.259149
-0.602291
0.761680
1.356297
0.455663
0.268355
0.997872
0.949304
0.231629
1.638312
0.772836
0.112069
-0.405499
0.331026
0.772412
0.566368
0.098651
-0.280413
0.050068
-0.616898
-0.015929
0.315362
1.720612
-0.039524
-0.215703
0.777989
0.782244
-0.203177
0.585433
1.370989
0.337157
0.247623
0.594140
0.419361
-0.273928
-0.117954
0.442841
-0.033556
0.632599
0.156907
1.018997
0.998900
-0.365332
0.913350
0.200812
0.810038
0.561169
0.410040
-0.208117
-0.249831
0.613222
0.003708
0.101911
-0.236697
-0.845686
-0.332265
0.621686
1.490178
0.076418
-0.001350
-0.798314
-1.768695
-1.445893
-0.774183
1.539277
-0.027792
0.389350
-0.016107
0.690923
-1.776800
-1.205594
-0.065466
0.043129
-0.110081
1.380395
1.939138
0.045060
1.383556
0.130102
-0.197296
-0.184331
1.625468
2.827627
2.431981
2.337629
1.272934
-0.709380
-0.323335
-0.511607
0.193345
2.062808
0.939370
1.279904
-0.301676
-0.281105
0.329495
0.340968
0.105393
-0.638232
-0.665924
-0.501090
0.483075
1.151309
1.645830
0.780025
0.662358
0.159924
0.974230
1.319522
0.424504
1.440225
0.910728
0.002440
0.392463
0.566196
0.599825
0.109892
0.648024
1.341582
0.769805
-0.399361
-0.192072
0.868718
0.205528
-0.164690
0.078506
1.508558
0.299483
0.371643
0.476342
0.115283
-0.214113
0.079432
-0.002892
-0.387528
0.382252
-0.057690
0.187586
0.318851
0.559436
-0.021882
-0.341871
-0.130338
-0.380638
-0.540022
-0.220376
0.427516
0.002959
0.573504
0.866938
0.297329
0.472695
-0.369424
-0.482552
-0.329354
0.282640
-0.040058
-0.746384
0.241707
1.794184
-1.044953
-1.007669
2.550568
-0.647655
-0.378566
0.195099
0.998674
0.889612
1.488768
0.101148
-1.025728
-0.632077
-0.669509
-0.779200
0.300748
2.149900
0.059035
-0.571458
-0.520510
0.001181
-1.757961
-1.372400
-0.856612
-0.745780
-0.357705
-0.518171
-0.058053
1.277129
0.193764
-0.590435
-0.318888
-0.607460
-0.607642
-0.709423
-0.721849
0.966563
-0.793721
-0.365578
-1.168845
0.687736
1.292331
2.887558
0.014018
0.067187
0.285435
0.229122
-1.175213
0.522857
2.615704
0.892675
0.814630
1.275115
-0.308159
-0.933740
-0.053015
0.451157
1.058708
0.000766
0.364269
-1.172339
-0.583958
0.856096
0.823111
0.457811
-0.104248
0.491388
-0.374871
-0.640034
0.628654
0.589269
0.543248
0.469120
0.424279
-0.353343
-0.274351
-0.363815
0.748341
-0.230820
-0.123441
-0.467362
0.109366
-0.011639
-0.478952
-0.404920
0.219358
-0.138172
0.069878
-0.439241
0.006585
0.935418
0.850245
0.084450
-0.316573
-1.376426
-1.461257
0.067573
0.163392
1.217417
-0.165051
0.437347
-0.519884
0.069671
0.006689
-0.083971
-1.088400
-1.334517
-1.219493
-0.486490
0.297583
-0.362465
0.123496
-1.168130
-1.197383
-0.717239
-0.588033
0.612839
-0.587304
-0.309109
-1.774982
-1.311235
-0.655296
-0.292076
0.419965
-1.026522
-0.079367
-0.437502
-0.706912
-1.686759
-0.375317
0.828566
-1.447625
-1.589538
-0.547891
0.491960
0.591090
0.433041
-0.034637
-0.786754
-0.042586
0.515746
-0.482675
-0.383603
-0.599652
-0.592746
-0.524397
-1.397725
0.440570
-1.048637
-0.745622
-0.456505
-0.827212
-0.626475
-1.670894
0.477925
-0.215917
0.878081
-1.176364
-0.414577
-0.434102
-0.224075
0.314171
0.571821
0.946699
-0.305118
-0.267483
0.181781
0.297108
-1.009934
-1.139196
-0.665695
-0.758173
-0.274321
0.587594
1.735734
0.860797
-0.864234
-0.765680
-0.845776
-0.389109
-0.407086
0.057364
1.033788
0.540803
1.465989
0.899975
0.680803
0.043925
0.763719
1.069584
0.460846
0.699242
-0.527238
0.132654
1.034925
1.585987
0.904945
0.738513
0.606145
0.297342
0.334914
1.425683
1.998594
0.433684
1.183694
-0.273125
0.725655
0.125727
1.805334
1.037157
-0.448965
-0.548321
-0.229430
-0.129503
-0.091404
0.600543
-0.495559
-1.009475
-0.478654
0.039409
0.061136
0.625561
-0.333425
0.712928
-0.471579
-0.969335
0.000951
0.330025
1.020626
0.159563
0.329437
0.440974
1.205992
1.798272
1.110768
1.348541
-0.451680
0.083336
0.630587
-0.586108
-0.109050
-0.064131
-0.094328
-0.562399
-0.203868
-0.859758
0.187240
-0.191116
-2.248117
-1.163956
-0.137458
0.534687
0.511684
0.727664
-0.074785
0.191763
-0.529167
-0.595401
0.103321
-0.292258
-1.746551
-0.103058
0.497613
0.185936
-0.148008
-0.062728
-1.458528
-1.584980
-0.361819
0.208490
-0.303427
0.088123
-0.746929
-1.716664
-0.674310
-1.664084
-1.053419
-0.972670
0.242751
0.040858
-0.160341
-0.690995
-1.890311
-1.280610
-1.223632
-1.042527
0.086212
-0.419679
-0.448954
-0.465675
0.219082
-0.401972
-1.633561
-0.903787
-2.096629
-0.478337
-0.521411
-1.277917
-1.034465
-0.797563
-0.891856
-0.923507
0.032909
-1.259345
-1.636990
-0.848232
-0.344487
-0.039444
-0.532575
-0.134002
-0.212553
-0.816393
-0.801287
0.433984
0.012739
-0.077816
-0.427344
-0.562533
-1.007728
-0.078873
-0.294054
-0.320543
0.577268
0.779212
-0.097011
0.466228
0.647676
-0.341290
-0.198311
0.279165
1.714359
0.855157
0.645460
0.117559
-1.315161
-0.482841
0.304593
-0.346057
-1.095886
0.078187
-0.055848
-1.776854
-0.584317
-1.189490
-1.164407
-1.833849
0.110831
0.336732
-1.203308
-0.383412
-1.059773
-0.923205
-1.590518
-0.535890
0.010342
-1.317323
-0.713488
-0.706634
-0.787299
-0.940133
0.154384
-0.403126
-1.530141
-0.919014
0.175445
0.295347
0.008043
0.733787
0.237255
-1.004504
-0.968849
-0.262282
-0.458266
0.425248
-0.409201
0.097192
-0.106887
-0.967459
-0.937187
0.007565
0.224827
-0.193524
0.628498
0.246993
0.797379
1.597821
1.275663
1.026675
1.548576
1.159466
0.513835
-0.069193
-0.310738
0.365121
0.130074
0.933261
0.254335
0.257481
1.141350
1.080121
0.112807
-1.126558
0.250903
-0.034260
0.624681
0.207399
0.655348
-0.064719
-1.994925
0.395906
-0.072299
0.304111
-0.436760
0.562936
-0.880521
-2.147473
-0.673903
-0.108260
1.153123
-0.700865
-0.686160
-0.829574
-0.533625
-1.185345
-0.816193
1.827192
0.688047
0.520469
-0.026837
0.550956
0.770979
0.869714
-0.891586
-1.303803
-0.179247
-0.882880
-1.136897
0.709114
-0.800186
-1.762287
-1.249404
-1.175893
-0.445417
-0.818400
0.496333
-0.464554
-1.267395
-0.723014
1.352340
0.407176
0.484215
-0.376653
-1.223012
-1.391237
-1.418185
-0.349541
-0.295801
0.485645
0.050566
-0.620085
-0.834528
-1.138265
-0.779440
0.189510
-0.890835
-1.117021
-1.213664
-1.029995
-1.291230
-1.476126
-0.615615
-0.610378
-0.775000
-1.504086
-0.670375
-0.071190
-0.610821
-0.731178
-1.645787
-1.301394
-1.363310
0.641475
0.424645
-0.426483
-0.407854
-0.324074
-1.294643
-0.809077
1.031002
0.528546
-0.281118
-0.052723
0.066437
-0.081239
0.328812
0.311169
0.345791
0.067645
-0.114767
0.470648
0.446571
0.563812
0.112670
0.111733
-0.289872
-0.112318
0.283945
0.391737
0.333509
0.708352
0.444336
-1.804164
-1.196817
0.090934
-0.084289
0.117505
0.503864
0.851319
1.231599
0.183547
0.487006
0.689343
0.336449
0.064945
-0.066682
0.811088
0.285512
0.652776
-0.083861
-0.076210
0.235401
0.906302
1.061951
-1.169661
-0.756126
0.433011
-0.415352
-0.353172
0.222587
-0.012107
0.938710
-0.266325
1.985774
-0.698574
0.426828
0.858667
-0.819345
-1.411633
-1.988288
0.677771
-0.739823
0.535738
0.939209
-0.191109
-0.990996
-1.425183
-0.413634
-0.286684
-0.194220
0.536423
0.722823
0.205798
-0.380323
-0.551520
-0.226328
-0.417317
-0.503971
0.124878
0.463399
0.082684
0.016300
0.137386
-0.721434
-1.043998
-0.736207
0.949931
0.933201
0.242358
-0.042441
2.076017
-0.058770
-1.212809
2.064150
2.612466
0.038249
1.502842
1.641186
0.575517
-0.294794
0.394679
1.671611
-0.226596
0.721072
0.963793
0.615472
0.746964
0.855261
2.000102
0.814597
0.854847
1.141029
0.328843
0.212196
1.624784
1.703818
-0.124305
0.177750
0.821829
0.313336
0.245229
0.616826
-0.893854
-1.563416
-0.200572
0.155586
0.415585
0.837875
0.687701
0.656143
-0.348966
-0.129919
0.173570
-0.394830
-0.172160
-0.818100
1.145795
-0.523967
0.158752
-1.144999
-1.283433
-0.306276
-0.080992
-0.218456
-1.992278
-0.877969
-0.389734
0.768895
1.733788
-1.115217
-1.652498
-1.838535
-0.629389
0.719101
2.212254
2.563561
0.617627
0.219542
0.171908
0.607267
0.258998
0.765257
0.520863
1.016541
1.087582
-1.033079
0.028343
0.421996
0.231424
0.205598
0.535856
-0.316048
-0.402280
0.328010
1.138379
1.148753
0.745609
0.836594
-0.638154
0.021074
0.130125
0.769267
0.651206
0.947356
0.653334
-1.006396
0.009665
0.632870
-0.296167
0.489169
-0.592500
0.013038
-0.586259
-0.424610
0.451407
0.008770
0.524975
-0.445256
-1.333753
-1.074919
0.201502
0.854148
1.158566
-0.039301
-1.135987
-2.210281
-1.676777
0.399755
2.127820
0.454767
-0.542819
-1.345412
-1.123127
-0.296587
0.495688
1.596884
0.390988
-0.862904
-0.939531
-0.519637
-0.116402
-0.108996
1.235798
0.206394
-0.582283
-0.724179
-0.767998
-0.154297
0.047563
1.465895
0.208343
0.378744
-0.537899
-0.415134
-0.126173
-0.358415
0.054384
0.000260
-0.441431
0.292702
-0.439661
-0.526230
0.853372
0.544019
1.805691
0.135191
0.869319
0.809505
0.328364
0.377037
0.844740
1.800817
1.397378
2.128896
2.025887
1.139171
1.896189
1.042354
1.743285
-0.268455
0.290820
1.330912
-0.897740
0.777975
0.940039
1.611066
0.315107
0.881874
1.325165
0.105510
0.042690
0.748113
2.029226
0.902637
0.597276
0.952458
0.770365
0.130646
0.928059
1.491240
2.082349
1.661365
0.804173
0.971593
1.480061
2.363693
-0.414294
-0.334115
-0.708775
-0.467898
-0.338967
-0.824143
-0.972627
0.566336
0.242498
-0.578512
-0.676216
0.066259
0.255762
0.272078
0.649907
0.173410
-1.226392
-2.137308
-1.340008
0.752178
1.179507
0.601976
0.159933
0.452244
1.023137
-0.563057
0.168352
0.434059
0.650123
0.236876
0.078518
0.009250
-0.392808
-0.122896
0.283424
-0.258912
0.754115
-0.018889
-0.405807
0.736165
0.718947
0.093294
-1.334947
-0.272442
0.073305
-0.488555
0.277780
0.262531
-0.630522
