160,7,7
-2.029697
-0.162915
-0.967598
-0.469437
0.026840
-0.321664
-0.019677
-1.352978
0.081252
-0.965623
-0.781259
0.296890
-1.106748
0.175342
-0.778323
0.248665
-0.498402
-1.403990
-0.476684
-0.502519
0.091856
-0.664363
-0.437188
-0.196033
-1.214829
-0.412131
-0.221942
-0.091831
0.101316
0.101316
0.101316
0.101316
0.101316
0.101316
0.101316
0.101316
0.101316
0.101316
0.101316
0.101316
0.101316
0.101316
0.101316
0.101316
0.101316
0.101316
0.101316
0.101316
0.101316
0.476663
-1.240408
-1.044027
-0.804689
-0.983605
-1.224168
0.253165
0.729480
-0.975021
-1.235448
-0.344247
-1.079781
-2.507396
-0.351879
1.685447
-0.312076
-1.338629
-0.312522
-0.364549
-1.608834
-0.350574
1.193176
0.447035
-0.129895
-0.577394
0.739443
-0.324497
0.287749
-0.413476
-0.413476
-0.413476
-0.413476
-0.413476
-0.413476
-0.413476
-0.413476
-0.413476
-0.413476
-0.413476
-0.413476
-0.413476
-0.413476
-0.413476
-0.413476
-0.413476
-0.413476
-0.413476
-0.413476
-0.413476
-1.598913
-1.230544
-0.213516
-0.708535
-0.713315
-0.418340
-1.247161
-1.290054
-0.953837
0.049726
-0.100967
-0.130055
-0.096164
-0.752308
-0.921387
-0.403813
-0.117567
0.198558
0.083827
-0.427427
-0.677658
-0.322092
0.288813
0.853461
0.699057
0.726493
0.307363
-0.156015
0.641254
0.641254
0.641254
0.641254
0.641254
0.641254
0.641254
0.641254
0.641254
0.641254
0.641254
0.641254
0.641254
0.641254
0.641254
0.641254
0.641254
0.641254
0.641254
0.641254
0.641254
1.083172
-0.006739
0.139713
-0.039824
0.323704
0.473703
0.428165
0.864216
0.656546
0.098150
0.840968
0.691384
-0.423851
0.340344
0.266624
-0.001136
-0.273678
0.720236
-0.392180
-0.770664
-0.215580
0.038263
0.335477
0.088513
0.037078
-0.584170
-0.145270
-0.146051
-0.291771
-0.291771
-0.291771
-0.291771
-0.291771
-0.291771
-0.291771
-0.291771
-0.291771
-0.291771
-0.291771
-0.291771
-0.291771
-0.291771
-0.291771
-0.291771
-0.291771
-0.291771
-0.291771
-0.291771
-0.291771
0.057695
-0.681015
-0.910970
-0.427515
-0.595453
-1.518904
-0.966754
0.244320
-0.813098
-0.428904
-0.837298
-0.799570
-1.403366
-1.022742
0.389472
-0.005634
0.529738
0.302170
-0.007629
-0.968103
-0.758992
0.067889
0.091310
0.489385
0.911935
0.143488
-0.285164
-0.424682
-0.111734
-0.111734
-0.111734
-0.111734
-0.111734
-0.111734
-0.111734
-0.111734
-0.111734
-0.111734
-0.111734
-0.111734
-0.111734
-0.111734
-0.111734
-0.111734
-0.111734
-0.111734
-0.111734
-0.111734
-0.111734
-0.622150
-0.822874
-0.377236
-0.005037
0.094893
-0.859022
-0.072425
-0.928662
-0.524113
-0.005509
1.203618
0.353027
-1.027811
-0.184597
-0.971038
-0.125819
0.154053
0.465382
1.114880
-0.350604
0.275582
0.287320
1.635502
1.535946
0.937558
2.077365
1.032720
0.634007
-0.221959
-0.221959
-0.221959
-0.221959
-0.221959
-0.221959
-0.221959
-0.221959
-0.221959
-0.221959
-0.221959
-0.221959
-0.221959
-0.221959
-0.221959
-0.221959
-0.221959
-0.221959
-0.221959
-0.221959
-0.221959
1.614310
-0.365968
-0.457784
0.152354
0.099539
0.309899
0.506658
1.842064
0.939409
0.251772
0.438672
0.469254
0.054175
0.982605
0.633502
0.512224
0.829895
1.784983
1.389348
0.488890
0.332126
-0.077574
-0.449266
-1.029650
0.105078
-0.106699
-0.329402
-0.562948
-0.018974
-0.018974
-0.018974
-0.018974
-0.018974
-0.018974
-0.018974
-0.018974
-0.018974
-0.018974
-0.018974
-0.018974
-0.018974
-0.018974
-0.018974
-0.018974
-0.018974
-0.018974
-0.018974
-0.018974
-0.018974
1.047999
-0.069102
-0.186529
0.854147
0.705907
-0.126625
0.518025
0.944021
-0.268556
-0.674389
-0.261333
-0.747972
-1.558180
-0.700944
0.231090
-0.458319
-0.392543
0.431985
-0.162655
-1.179621
-0.221498
-0.346761
-0.343928
-0.748731
0.040774
-0.526367
-1.115857
-0.531183
-0.984407
-0.984407
-0.984407
-0.984407
-0.984407
-0.984407
-0.984407
-0.984407
-0.984407
-0.984407
-0.984407
-0.984407
-0.984407
-0.984407
-0.984407
-0.984407
-0.984407
-0.984407
-0.984407
-0.984407
-0.984407
-0.761203
-0.270571
0.581348
-0.115958
-0.042076
-0.096157
-0.302687
-0.789301
0.213596
0.423748
-0.020840
0.089986
0.265697
-0.091406
-0.506394
0.830645
-0.090905
-0.619426
-0.049023
0.261675
0.210395
0.097483
0.879057
0.095963
-0.150159
0.289280
0.742002
0.557154
-0.804207
-0.804207
-0.804207
-0.804207
-0.804207
-0.804207
-0.804207
-0.804207
-0.804207
-0.804207
-0.804207
-0.804207
-0.804207
-0.804207
-0.804207
-0.804207
-0.804207
-0.804207
-0.804207
-0.804207
-0.804207
0.745557
-0.810909
-0.383232
-0.182059
-0.368411
-0.287839
-0.260904
1.738825
-0.798187
-1.596010
-1.428339
-1.101565
-0.361439
-0.506348
0.890034
0.159924
0.614841
1.218423
1.067638
0.848566
0.424701
0.112152
-0.216525
0.182548
1.201650
-0.335658
0.337752
0.329538
0.751984
0.751984
0.751984
0.751984
0.751984
0.751984
0.751984
0.751984
0.751984
0.751984
0.751984
0.751984
0.751984
0.751984
0.751984
0.751984
0.751984
0.751984
0.751984
0.751984
0.751984
-0.132914
0.373619
-0.664411
0.207003
0.110130
-0.272585
-0.301893
-0.089191
0.590650
0.068402
0.652559
0.382857
0.609747
-0.313307
0.278503
-0.004441
0.011054
-0.401602
-0.410550
0.474830
0.181607
0.295400
-0.122994
0.055123
-0.636256
-0.540703
0.045948
0.218234
0.881977
0.881977
0.881977
0.881977
0.881977
0.881977
0.881977
0.881977
0.881977
0.881977
0.881977
0.881977
0.881977
0.881977
0.881977
0.881977
0.881977
0.881977
0.881977
0.881977
0.881977
-0.392038
-0.546779
-1.516454
-1.096308
-1.077782
-0.521736
-0.464649
-0.350506
0.166345
-0.518643
0.319698
-0.222962
-0.442594
-0.144795
-0.375231
0.159184
0.096226
-0.093895
-0.627341
-0.005921
-0.290925
-0.201304
0.035887
0.191069
0.132294
-0.738214
0.311323
-0.248215
0.225877
0.225877
0.225877
0.225877
0.225877
0.225877
0.225877
0.225877
0.225877
0.225877
0.225877
0.225877
0.225877
0.225877
0.225877
0.225877
0.225877
0.225877
0.225877
0.225877
0.225877
-1.120080
-0.464689
-0.551632
-0.972795
-1.040343
-0.349478
-1.131198
-1.574336
-0.419847
-0.392665
-0.912634
-0.150111
0.732253
-0.113742
-1.303245
0.187296
0.214095
-0.148888
0.820600
0.654160
-0.050314
-1.083962
-0.248386
0.170219
0.288260
1.197326
1.069378
-0.087696
-0.234306
-0.234306
-0.234306
-0.234306
-0.234306
-0.234306
-0.234306
-0.234306
-0.234306
-0.234306
-0.234306
-0.234306
-0.234306
-0.234306
-0.234306
-0.234306
-0.234306
-0.234306
-0.234306
-0.234306
-0.234306
1.850942
0.736230
0.117638
0.638576
1.152238
0.604672
0.555445
2.264416
0.859918
-0.544176
-0.195697
0.374008
0.606492
0.876172
1.315871
0.050242
0.551384
0.198718
-0.212928
-0.565790
0.322033
0.491251
0.087459
0.598519
0.746838
-0.491546
-0.724287
-0.147115
0.371151
0.371151
0.371151
0.371151
0.371151
0.371151
0.371151
0.371151
0.371151
0.371151
0.371151
0.371151
0.371151
0.371151
0.371151
0.371151
0.371151
0.371151
0.371151
0.371151
0.371151
0.044415
0.732528
0.697011
0.256245
0.184542
0.042900
0.200368
0.349824
-0.828232
0.835558
0.636425
0.161077
-1.318242
-0.422067
0.333483
-0.929329
-0.440141
-0.391788
-0.472392
-1.185734
-0.116844
0.139653
-0.906769
-1.108688
-1.397881
-0.811424
-0.353262
-0.089099
-1.289772
-1.289772
-1.289772
-1.289772
-1.289772
-1.289772
-1.289772
-1.289772
-1.289772
-1.289772
-1.289772
-1.289772
-1.289772
-1.289772
-1.289772
-1.289772
-1.289772
-1.289772
-1.289772
-1.289772
-1.289772
1.397871
0.856281
-0.504671
-0.528966
0.082321
1.073457
1.670611
1.166878
0.803064
0.690805
0.301054
0.605963
1.198590
2.089879
0.706929
0.650653
1.414069
0.972187
0.874227
0.125834
0.855896
0.357209
0.031387
-0.078679
-0.180675
-0.325240
-0.999401
0.060419
-0.168584
-0.168584
-0.168584
-0.168584
-0.168584
-0.168584
-0.168584
-0.168584
-0.168584
-0.168584
-0.168584
-0.168584
-0.168584
-0.168584
-0.168584
-0.168584
-0.168584
-0.168584
-0.168584
-0.168584
-0.168584
1.126656
0.147508
0.035748
-0.545205
-0.116782
0.554638
-0.229518
1.117420
-0.168055
-0.265964
-0.083002
0.419127
1.319189
0.234572
0.879648
-0.297370
-1.218622
1.013133
0.209279
-0.131752
-0.237949
0.262888
-0.169160
-0.697128
1.149736
-0.163275
-0.912280
-0.367532
-0.003820
-0.003820
-0.003820
-0.003820
-0.003820
-0.003820
-0.003820
-0.003820
-0.003820
-0.003820
-0.003820
-0.003820
-0.003820
-0.003820
-0.003820
-0.003820
-0.003820
-0.003820
-0.003820
-0.003820
-0.003820
-1.011858
0.363090
-0.116162
-0.088130
-0.338923
-0.265341
-0.555740
-0.909994
0.613230
0.712774
0.810525
0.251560
-0.423013
-0.941086
-0.505090
-0.490076
-1.377350
-1.699625
-1.527971
-1.101197
-0.435228
-0.293439
-1.129399
-1.118750
-1.739894
-1.581624
-0.731438
-0.143845
-0.135429
-0.135429
-0.135429
-0.135429
-0.135429
-0.135429
-0.135429
-0.135429
-0.135429
-0.135429
-0.135429
-0.135429
-0.135429
-0.135429
-0.135429
-0.135429
-0.135429
-0.135429
-0.135429
-0.135429
-0.135429
0.770768
-0.030134
-0.156658
-0.053067
-0.819512
-0.298179
-0.028603
0.504435
-0.156463
-0.756434
-1.392628
-1.743490
-1.017550
-0.868535
-0.960094
-0.284558
-0.721449
-1.876155
-0.787817
0.262851
0.187858
-1.103338
-0.353078
-1.138965
-2.285134
-0.443855
0.635874
0.166305
0.137420
0.137420
0.137420
0.137420
0.137420
0.137420
0.137420
0.137420
0.137420
0.137420
0.137420
0.137420
0.137420
0.137420
0.137420
0.137420
0.137420
0.137420
0.137420
0.137420
0.137420
-0.137734
-0.296347
-0.286165
-0.065415
-0.339382
-0.695277
-0.381098
-0.168715
-0.401622
-0.432282
-0.327817
-0.407015
-0.499414
-0.306368
-0.458555
-0.131618
0.038358
-0.119198
-0.353302
-0.211899
0.103178
-0.722869
0.119877
0.057078
-0.179921
0.173075
-0.040536
-0.123978
0.643658
0.643658
0.643658
0.643658
0.643658
0.643658
0.643658
0.643658
0.643658
0.643658
0.643658
0.643658
0.643658
0.643658
0.643658
0.643658
0.643658
0.643658
0.643658
0.643658
0.643658
-1.031239
-0.052710
0.794463
0.512724
0.906665
1.162157
0.580300
-1.638964
0.145635
0.759549
1.264819
0.757229
1.210980
-0.248091
-1.047867
0.102120
1.051077
1.163906
1.547452
2.123492
0.533455
-0.489473
0.001441
0.067257
-0.135379
1.033803
1.013054
0.359657
-0.206331
-0.206331
-0.206331
-0.206331
-0.206331
-0.206331
-0.206331
-0.206331
-0.206331
-0.206331
-0.206331
-0.206331
-0.206331
-0.206331
-0.206331
-0.206331
-0.206331
-0.206331
-0.206331
-0.206331
-0.206331
-0.677777
-0.401366
0.155354
0.209801
-0.268632
-1.061422
-0.930316
-0.634817
-0.036570
1.354753
0.856374
0.356868
-0.766927
-0.744712
-1.027573
-0.869308
0.461418
0.307596
0.380414
-0.842695
-0.397670
-0.272276
-0.417907
0.558443
0.980192
0.458213
0.256507
-0.155351
0.027701
0.027701
0.027701
0.027701
0.027701
0.027701
0.027701
0.027701
0.027701
0.027701
0.027701
0.027701
0.027701
0.027701
0.027701
0.027701
0.027701
0.027701
0.027701
0.027701
0.027701
1.461938
0.330237
-0.352756
0.175719
0.539900
0.102819
0.941019
0.367203
0.271957
0.261056
-0.247214
0.418327
0.849793
0.823170
-0.846868
-0.294259
0.058533
-0.278580
-0.412035
-0.052367
-0.120159
-0.855102
-0.758564
-0.226615
-0.574985
-1.928986
-0.828641
-0.693568
-0.094595
-0.094595
-0.094595
-0.094595
-0.094595
-0.094595
-0.094595
-0.094595
-0.094595
-0.094595
-0.094595
-0.094595
-0.094595
-0.094595
-0.094595
-0.094595
-0.094595
-0.094595
-0.094595
-0.094595
-0.094595
1.192022
-0.312496
-1.529597
-0.948114
-0.255296
-0.264907
0.003478
1.494444
0.221823
1.690563
1.735356
1.654933
0.844879
-0.020415
1.085016
0.882175
4.599330
2.142200
2.546588
1.367152
0.130950
0.320616
-0.385552
0.144416
-1.882036
-0.612917
-0.937403
-0.390399
-0.492782
-0.492782
-0.492782
-0.492782
-0.492782
-0.492782
-0.492782
-0.492782
-0.492782
-0.492782
-0.492782
-0.492782
-0.492782
-0.492782
-0.492782
-0.492782
-0.492782
-0.492782
-0.492782
-0.492782
-0.492782
1.126250
0.057776
0.009133
-0.238619
0.558998
1.017161
0.961803
2.158409
1.107268
0.944919
-0.509897
-0.335544
-0.447890
-0.433102
1.165095
-0.266721
0.527560
0.358285
-0.163361
-2.263726
-0.947816
0.518677
-0.492421
0.085151
-0.085612
0.674093
-1.090223
-1.049510
-1.527909
-1.527909
-1.527909
-1.527909
-1.527909
-1.527909
-1.527909
-1.527909
-1.527909
-1.527909
-1.527909
-1.527909
-1.527909
-1.527909
-1.527909
-1.527909
-1.527909
-1.527909
-1.527909
-1.527909
-1.527909
-0.505589
0.620021
0.296893
-0.872472
-1.506662
0.393826
-0.458004
-0.576334
1.092448
0.524392
0.454361
-0.454059
0.842606
0.151325
-0.162460
0.823934
0.061961
0.591790
-0.011945
-0.199121
-0.274218
0.121157
-0.036221
-0.664902
0.158744
-0.526899
-0.907597
-0.418101
0.418626
0.418626
0.418626
0.418626
0.418626
0.418626
0.418626
0.418626
0.418626
0.418626
0.418626
0.418626
0.418626
0.418626
0.418626
0.418626
0.418626
0.418626
0.418626
0.418626
0.418626
0.771410
0.694721
-0.392969
0.725707
0.131188
0.180496
0.347594
0.155457
0.477692
-0.305410
0.594947
0.063864
-0.345983
-0.090441
-0.707535
0.674134
0.992842
1.528636
1.208658
0.291477
-0.432346
-0.587916
0.103859
0.230767
0.627714
0.900956
-0.012264
-0.470367
1.028425
1.028425
1.028425
1.028425
1.028425
1.028425
1.028425
1.028425
1.028425
1.028425
1.028425
1.028425
1.028425
1.028425
1.028425
1.028425
1.028425
1.028425
1.028425
1.028425
1.028425
-0.551909
0.258404
-0.248879
0.594319
0.666142
-0.054699
0.480894
-0.126334
-0.769681
-0.513468
-0.212953
-0.296831
-1.615098
-0.249480
0.635615
-1.255129
-1.146453
-1.578867
-0.877332
-1.996694
-0.015668
0.594203
-0.657996
-0.485640
-1.606326
-1.282412
-0.672910
-0.090254
-0.528207
-0.528207
-0.528207
-0.528207
-0.528207
-0.528207
-0.528207
-0.528207
-0.528207
-0.528207
-0.528207
-0.528207
-0.528207
-0.528207
-0.528207
-0.528207
-0.528207
-0.528207
-0.528207
-0.528207
-0.528207
-0.065590
0.796167
0.424236
1.042319
0.500757
0.408514
0.186569
0.974989
0.747581
0.617557
0.973109
0.198505
-0.105884
0.433905
1.070657
-0.142540
-0.492616
-0.561393
-0.713559
-1.156124
-0.047843
1.103029
0.309670
0.214244
0.936181
-0.082691
-0.379523
-0.012727
0.124884
0.124884
0.124884
0.124884
0.124884
0.124884
0.124884
0.124884
0.124884
0.124884
0.124884
0.124884
0.124884
0.124884
0.124884
0.124884
0.124884
0.124884
0.124884
0.124884
0.124884
-0.604811
-0.686543
-0.549639
-0.637342
-0.054125
0.051352
-0.113791
-0.008210
-0.731047
-0.713004
-1.051268
0.526822
0.453341
0.607229
1.770072
0.683914
0.156005
-0.550095
-0.273704
-0.026248
0.501425
1.077706
0.583250
0.158208
-0.027724
-1.275781
0.235400
0.242271
-0.734575
-0.734575
-0.734575
-0.734575
-0.734575
-0.734575
-0.734575
-0.734575
-0.734575
-0.734575
-0.734575
-0.734575
-0.734575
-0.734575
-0.734575
-0.734575
-0.734575
-0.734575
-0.734575
-0.734575
-0.734575
0.213288
-0.626975
-0.950612
-0.216662
0.228016
0.093891
-0.388264
0.318948
-0.585734
-1.664121
-1.378168
-0.435560
0.258823
0.422540
0.506119
0.860375
0.826745
0.597627
0.918089
1.380990
1.327195
-0.712021
-0.396975
-0.462735
-0.422471
0.195696
-0.317570
1.261057
0.659721
0.659721
0.659721
0.659721
0.659721
0.659721
0.659721
0.659721
0.659721
0.659721
0.659721
0.659721
0.659721
0.659721
0.659721
0.659721
0.659721
0.659721
0.659721
0.659721
0.659721
0.592306
0.956448
-0.033027
0.249369
0.638399
0.496470
0.878841
0.394444
0.765469
-0.475824
-0.312162
0.198132
0.895768
0.857520
0.302559
0.614792
-0.689504
-0.599326
-0.960920
-0.209554
-0.005836
0.484689
0.453642
0.039784
0.228125
0.019247
-0.116563
0.047972
0.216216
0.216216
0.216216
0.216216
0.216216
0.216216
0.216216
0.216216
0.216216
0.216216
0.216216
0.216216
0.216216
0.216216
0.216216
0.216216
0.216216
0.216216
0.216216
0.216216
0.216216
0.006108
0.156878
-0.004158
0.512164
0.482352
0.434203
0.173431
-0.074175
0.001741
0.609131
0.624597
0.536199
0.577807
0.704930
-0.072628
-0.032032
0.573145
0.948348
0.658856
0.531914
0.658616
-0.315016
-0.386957
0.045884
0.625204
0.173046
-0.337138
0.097458
-0.154952
-0.154952
-0.154952
-0.154952
-0.154952
-0.154952
-0.154952
-0.154952
-0.154952
-0.154952
-0.154952
-0.154952
-0.154952
-0.154952
-0.154952
-0.154952
-0.154952
-0.154952
-0.154952
-0.154952
-0.154952
0.085595
-0.174393
-0.101595
0.005224
0.089163
-0.259181
-0.175183
0.460250
0.354262
1.180757
0.709532
0.492701
0.339141
-0.513383
0.637882
0.222217
0.875006
1.109710
0.256978
-0.147242
-0.343680
0.187257
0.289442
0.600945
1.300310
0.300827
0.107874
-0.080483
-0.413205
-0.413205
-0.413205
-0.413205
-0.413205
-0.413205
-0.413205
-0.413205
-0.413205
-0.413205
-0.413205
-0.413205
-0.413205
-0.413205
-0.413205
-0.413205
-0.413205
-0.413205
-0.413205
-0.413205
-0.413205
0.267030
0.654700
0.497153
0.462485
0.515658
0.440898
-0.090382
-0.368469
0.843516
1.019009
0.448712
0.245450
0.563620
0.044426
-0.242447
0.279452
0.283807
-0.056064
-0.466443
0.013683
-0.355469
0.092396
0.162788
0.041808
-0.780964
-0.367664
-0.292237
-0.311622
-0.452887
-0.452887
-0.452887
-0.452887
-0.452887
-0.452887
-0.452887
-0.452887
-0.452887
-0.452887
-0.452887
-0.452887
-0.452887
-0.452887
-0.452887
-0.452887
-0.452887
-0.452887
-0.452887
-0.452887
-0.452887
0.229863
0.016188
0.208206
0.332396
0.144999
-0.075927
-0.311531
0.595922
0.115864
0.165718
0.347768
-0.061380
-0.138618
-0.475908
0.632986
0.174929
0.592620
0.417840
0.044266
-0.168980
-0.267562
0.731389
-0.069864
-0.282907
-0.295804
-0.215166
-0.166120
-0.091200
0.075962
0.075962
0.075962
0.075962
0.075962
0.075962
0.075962
0.075962
0.075962
0.075962
0.075962
0.075962
0.075962
0.075962
0.075962
0.075962
0.075962
0.075962
0.075962
0.075962
0.075962
-0.327934
-1.077479
-1.596292
-1.245156
-1.086575
-0.991843
-0.574434
-0.731534
-1.058413
-1.827570
-1.247913
-1.680497
-1.940265
-1.362565
-0.540276
-0.578774
-0.638708
-0.957086
-0.718804
-0.558161
-0.969511
-0.169803
-0.344491
-0.475519
-0.079399
-0.213691
-0.038768
-0.446930
-0.129445
-0.129445
-0.129445
-0.129445
-0.129445
-0.129445
-0.129445
-0.129445
-0.129445
-0.129445
-0.129445
-0.129445
-0.129445
-0.129445
-0.129445
-0.129445
-0.129445
-0.129445
-0.129445
-0.129445
-0.129445
-0.469930
-0.106053
0.189930
0.234492
-0.037147
-0.283902
-0.891559
-0.307814
-0.101690
-0.286383
-0.260298
-0.260574
-0.055315
0.025158
-0.338390
-0.129906
-0.155640
-0.482804
-0.222421
0.187776
0.214289
-0.047776
-0.082245
-0.301044
-0.380228
-0.201075
0.010524
0.044960
0.809528
0.809528
0.809528
0.809528
0.809528
0.809528
0.809528
0.809528
0.809528
0.809528
0.809528
0.809528
0.809528
0.809528
0.809528
0.809528
0.809528
0.809528
0.809528
0.809528
0.809528
-0.202717
-0.364038
-0.492104
-0.614230
-0.551387
-0.657999
-0.181367
0.915095
1.599851
1.749392
1.019440
0.617471
1.366342
-0.193231
-0.096368
0.079794
0.487465
-0.321990
0.211532
0.208262
-1.007432
0.106785
0.405262
0.979786
1.022582
1.546328
0.902591
-0.471084
-0.639975
-0.639975
-0.639975
-0.639975
-0.639975
-0.639975
-0.639975
-0.639975
-0.639975
-0.639975
-0.639975
-0.639975
-0.639975
-0.639975
-0.639975
-0.639975
-0.639975
-0.639975
-0.639975
-0.639975
-0.639975
-0.075765
0.621956
0.119283
0.227193
0.200164
0.144825
-0.500952
0.443018
1.395739
1.495920
1.757076
0.896364
1.014818
0.205297
0.654938
1.665399
1.580200
1.002855
0.581988
1.283508
0.135904
0.948429
0.519033
0.265526
0.112492
-0.517997
-0.087223
-0.141952
0.186249
0.186249
0.186249
0.186249
0.186249
0.186249
0.186249
0.186249
0.186249
0.186249
0.186249
0.186249
0.186249
0.186249
0.186249
0.186249
0.186249
0.186249
0.186249
0.186249
0.186249
-0.292259
-0.443922
-0.688038
-0.559177
-0.552143
-0.199215
-0.184798
-0.351137
-0.396723
-0.520198
-1.446751
-0.969732
-0.853860
-0.400523
-0.451820
0.031229
-0.609945
-0.268294
-0.333155
-0.365236
0.238834
-0.062648
-0.343014
-0.801784
-0.044529
-1.434535
-0.697039
0.301406
0.512002
0.512002
0.512002
0.512002
0.512002
0.512002
0.512002
0.512002
0.512002
0.512002
0.512002
0.512002
0.512002
0.512002
0.512002
0.512002
0.512002
0.512002
0.512002
0.512002
0.512002
-0.834717
-0.217070
-0.277145
-0.892147
-0.713474
-0.342682
-0.781185
-0.649019
0.695260
0.751529
0.468845
0.195549
-0.246040
-0.811116
-0.240293
0.434966
0.097826
0.124653
-0.196702
-0.156639
-0.845731
0.278514
0.323260
-0.240632
-0.189260
-0.025535
0.239797
0.018536
0.049583
0.049583
0.049583
0.049583
0.049583
0.049583
0.049583
0.049583
0.049583
0.049583
0.049583
0.049583
0.049583
0.049583
0.049583
0.049583
0.049583
0.049583
0.049583
0.049583
0.049583
-0.148020
-0.023983
0.363544
1.162141
0.476720
-0.414832
-0.664716
0.029023
-1.112134
-0.313818
0.669345
-0.275033
-1.322164
-1.032386
-0.522464
-0.637633
0.068088
0.932614
0.592541
-0.304557
-0.343268
-0.951034
-0.573492
0.908777
1.072952
-0.018555
-0.161161
-0.092088
0.236812
0.236812
0.236812
0.236812
0.236812
0.236812
0.236812
0.236812
0.236812
0.236812
0.236812
0.236812
0.236812
0.236812
0.236812
0.236812
0.236812
0.236812
0.236812
0.236812
0.236812
-0.672509
-0.249396
-0.484526
-0.169347
-0.156287
0.009351
-0.329192
-0.405597
0.106874
0.131661
1.207450
0.796956
0.473822
0.029991
-0.437730
0.628446
1.779165
2.244662
2.418974
2.043696
0.797105
0.002145
-0.181262
0.703324
1.480079
1.631513
1.169268
0.832462
-0.797184
-0.797184
-0.797184
-0.797184
-0.797184
-0.797184
-0.797184
-0.797184
-0.797184
-0.797184
-0.797184
-0.797184
-0.797184
-0.797184
-0.797184
-0.797184
-0.797184
-0.797184
-0.797184
-0.797184
-0.797184
0.250496
-0.092425
-0.725860
-0.213994
-0.222419
-0.336618
0.085197
-0.133922
-0.056084
-0.131085
-0.432109
-0.477557
-0.309076
-0.023482
0.284942
0.202369
0.261696
-0.260590
0.159593
-0.565008
-0.298754
0.320447
-0.072570
0.168156
0.145163
0.391875
-0.128098
-0.007547
-0.150002
-0.150002
-0.150002
-0.150002
-0.150002
-0.150002
-0.150002
-0.150002
-0.150002
-0.150002
-0.150002
-0.150002
-0.150002
-0.150002
-0.150002
-0.150002
-0.150002
-0.150002
-0.150002
-0.150002
-0.150002
-0.170354
-0.942973
-0.227786
-0.449168
-0.180630
-0.214529
0.265243
-1.022252
-1.418316
-1.026260
-1.413320
-0.600699
-0.980453
-0.355926
-0.565154
-0.765394
-1.002733
-0.653273
0.052524
-0.488119
-0.295919
-0.165302
-0.106649
-0.426991
-1.126821
-0.128012
-0.062968
-0.240458
-0.210867
-0.210867
-0.210867
-0.210867
-0.210867
-0.210867
-0.210867
-0.210867
-0.210867
-0.210867
-0.210867
-0.210867
-0.210867
-0.210867
-0.210867
-0.210867
-0.210867
-0.210867
-0.210867
-0.210867
-0.210867
-0.272642
0.043805
0.045885
-0.194313
-0.118829
0.069643
-0.344631
-0.318206
0.478722
0.709868
0.945867
0.475453
0.433098
-0.209137
-0.002402
0.379682
0.625982
0.897750
0.367391
0.329110
-0.077525
-0.148133
0.343188
0.504028
0.745996
0.015798
0.410973
0.075045
0.214644
0.214644
0.214644
0.214644
0.214644
0.214644
0.214644
0.214644
0.214644
0.214644
0.214644
0.214644
0.214644
0.214644
0.214644
0.214644
0.214644
0.214644
0.214644
0.214644
0.214644
-0.321721
-0.260114
0.723249
0.450918
0.225178
0.111615
-0.245363
0.089523
-0.357332
-0.141850
-0.292970
-0.250513
0.174228
-0.433796
0.313316
-0.148417
0.353920
0.124535
-0.164074
0.226832
-0.132473
0.327023
-0.070480
-0.496061
-0.648548
-0.708104
0.077720
-0.062691
-0.263877
-0.263877
-0.263877
-0.263877
-0.263877
-0.263877
-0.263877
-0.263877
-0.263877
-0.263877
-0.263877
-0.263877
-0.263877
-0.263877
-0.263877
-0.263877
-0.263877
-0.263877
-0.263877
-0.263877
-0.263877
1.139358
-0.210777
-0.650244
-0.628804
0.029358
1.095236
0.932587
-0.088296
0.408272
-0.262282
-0.275744
0.199173
0.382562
0.199295
-0.088496
1.232254
2.234873
0.608722
0.339979
0.999411
0.457616
0.347609
-0.395141
0.539937
-1.020498
-0.247046
-0.822327
-0.057759
1.056632
1.056632
1.056632
1.056632
1.056632
1.056632
1.056632
1.056632
1.056632
1.056632
1.056632
1.056632
1.056632
1.056632
1.056632
1.056632
1.056632
1.056632
1.056632
1.056632
1.056632
0.449206
0.103271
1.113979
0.545576
0.534677
0.290878
-0.086650
0.966713
-0.398508
-1.022102
-1.473158
-0.505635
-0.209044
-0.275420
0.683976
-0.134566
-0.439382
-0.458808
-0.187867
-0.375645
0.058632
-0.160941
-0.566170
-0.898472
-0.570442
-0.127054
-0.547858
-0.011811
0.645979
0.645979
0.645979
0.645979
0.645979
0.645979
0.645979
0.645979
0.645979
0.645979
0.645979
0.645979
0.645979
0.645979
0.645979
0.645979
0.645979
0.645979
0.645979
0.645979
0.645979
1.491767
-0.087049
0.304600
-0.564905
-0.032478
-0.319905
0.548993
1.157906
0.276119
0.588020
-0.758937
0.040620
0.934468
0.341559
0.201393
-0.546364
0.852342
0.764084
0.369940
-0.529481
-0.228364
-0.359402
-0.564156
-0.049427
0.688962
-0.068447
0.176158
0.139604
-0.560775
-0.560775
-0.560775
-0.560775
-0.560775
-0.560775
-0.560775
-0.560775
-0.560775
-0.560775
-0.560775
-0.560775
-0.560775
-0.560775
-0.560775
-0.560775
-0.560775
-0.560775
-0.560775
-0.560775
-0.560775
-0.520115
-0.195973
-0.026648
0.648146
0.560688
0.088454
0.467099
-1.211342
-0.201689
-0.643138
0.036584
-0.182024
0.173977
-0.559689
-1.341717
-0.758495
-1.620633
-0.325117
-0.337806
0.320557
-0.400265
-0.455034
-0.716128
-0.997979
-0.693692
-0.563820
0.132759
0.174228
-0.549431
-0.549431
-0.549431
-0.549431
-0.549431
-0.549431
-0.549431
-0.549431
-0.549431
-0.549431
-0.549431
-0.549431
-0.549431
-0.549431
-0.549431
-0.549431
-0.549431
-0.549431
-0.549431
-0.549431
-0.549431
1.430990
0.653239
0.978520
0.858488
0.828503
0.509534
0.515743
0.059931
-0.413784
-0.428638
-1.582857
-0.528827
0.198883
0.314778
-0.060986
-0.644510
-0.286817
-1.170341
-0.068433
0.201306
0.482644
0.208038
-0.295155
-0.222601
-0.910325
-0.195978
0.078866
0.417670
-0.057402
-0.057402
-0.057402
-0.057402
-0.057402
-0.057402
-0.057402
-0.057402
-0.057402
-0.057402
-0.057402
-0.057402
-0.057402
-0.057402
-0.057402
-0.057402
-0.057402
-0.057402
-0.057402
-0.057402
-0.057402
1.280969
0.544886
0.222746
1.385041
1.031446
1.063828
1.029064
0.893393
-0.005745
-0.392090
0.425014
0.603912
1.697933
0.867035
0.345026
-0.469730
-0.764341
-0.123359
-0.082798
1.021791
0.959372
-0.052033
-0.188260
0.099589
0.545189
0.363208
0.579543
0.401462
-0.626340
-0.626340
-0.626340
-0.626340
-0.626340
-0.626340
-0.626340
-0.626340
-0.626340
-0.626340
-0.626340
-0.626340
-0.626340
-0.626340
-0.626340
-0.626340
-0.626340
-0.626340
-0.626340
-0.626340
-0.626340
-0.926510
-0.215474
-0.270614
-0.858506
-1.184569
-0.420985
-0.443032
-0.876792
-0.092564
0.494406
0.136203
-0.030856
0.128883
-0.185886
-1.101796
-0.092434
0.224222
0.552417
0.413966
0.665924
0.376885
-0.475563
0.113958
-0.144741
-0.245556
-0.373587
0.062357
0.220679
-0.194494
-0.194494
-0.194494
-0.194494
-0.194494
-0.194494
-0.194494
-0.194494
-0.194494
-0.194494
-0.194494
-0.194494
-0.194494
-0.194494
-0.194494
-0.194494
-0.194494
-0.194494
-0.194494
-0.194494
-0.194494
-0.323376
-0.210536
1.662385
0.023004
0.149814
0.227859
-0.020000
-0.450583
-1.051510
0.194951
-0.127806
0.175981
-0.663536
-0.084355
0.594899
-0.293865
0.855180
0.248762
0.478033
-0.590258
-0.270901
-0.156249
-0.497360
-0.254468
-0.136924
-0.299505
0.032358
0.236485
-0.378820
-0.378820
-0.378820
-0.378820
-0.378820
-0.378820
-0.378820
-0.378820
-0.378820
-0.378820
-0.378820
-0.378820
-0.378820
-0.378820
-0.378820
-0.378820
-0.378820
-0.378820
-0.378820
-0.378820
-0.378820
-0.792873
0.113533
-0.492256
0.306421
0.114774
-0.257872
0.026791
-0.410860
0.305550
0.240519
0.408027
0.352428
0.100011
-0.214844
-0.150056
-0.255969
0.295134
0.478240
0.376361
-0.531030
-0.330139
-0.121155
0.213934
0.603076
1.020895
1.245351
0.294089
-0.262733
0.633269
0.633269
0.633269
0.633269
0.633269
0.633269
0.633269
0.633269
0.633269
0.633269
0.633269
0.633269
0.633269
0.633269
0.633269
0.633269
0.633269
0.633269
0.633269
0.633269
0.633269
0.774079
0.060262
0.205266
-0.795276
-0.926246
-0.517903
-0.180114
0.213259
-0.026091
0.728430
0.572551
-0.294828
-0.515522
-0.125246
-0.579718
-0.515048
-0.396164
-0.916690
-0.432548
-0.648965
-0.123611
-0.272461
0.707860
0.357327
-0.659797
-0.262997
0.147334
-0.040022
0.391069
0.391069
0.391069
0.391069
0.391069
0.391069
0.391069
0.391069
0.391069
0.391069
0.391069
0.391069
0.391069
0.391069
0.391069
0.391069
0.391069
0.391069
0.391069
0.391069
0.391069
0.178079
0.078865
-0.131741
0.450824
0.203119
-0.064884
0.075626
0.357815
-0.417104
-0.389901
0.075207
-0.082989
-0.354810
0.096946
0.308365
-0.017566
0.025685
0.408568
0.256479
0.397661
0.104160
0.348016
0.062680
0.235403
0.716801
0.509313
0.155256
0.054166
-0.027179
-0.027179
-0.027179
-0.027179
-0.027179
-0.027179
-0.027179
-0.027179
-0.027179
-0.027179
-0.027179
-0.027179
-0.027179
-0.027179
-0.027179
-0.027179
-0.027179
-0.027179
-0.027179
-0.027179
-0.027179
0.020233
-1.337914
0.273336
-0.470106
-1.062427
-1.271967
-0.681723
-0.560116
-2.386066
-1.198506
-0.857816
-1.691066
-2.174578
-0.549510
-0.789571
-0.861209
-1.372890
-0.315849
-0.759743
-1.111232
-0.120600
-0.420053
1.363911
0.628799
2.172836
1.282114
1.347725
0.313368
0.590347
0.590347
0.590347
0.590347
0.590347
0.590347
0.590347
0.590347
0.590347
0.590347
0.590347
0.590347
0.590347
0.590347
0.590347
0.590347
0.590347
0.590347
0.590347
0.590347
0.590347
0.888573
1.426300
1.000207
1.225499
1.224592
0.903488
0.302600
0.758922
1.703050
1.523460
1.280938
1.735134
1.013683
0.904240
0.032977
0.795162
0.505432
-0.022110
1.593310
0.775969
0.738900
0.134578
0.150071
0.720084
-0.028972
1.329140
0.774629
0.410630
-0.607373
-0.607373
-0.607373
-0.607373
-0.607373
-0.607373
-0.607373
-0.607373
-0.607373
-0.607373
-0.607373
-0.607373
-0.607373
-0.607373
-0.607373
-0.607373
-0.607373
-0.607373
-0.607373
-0.607373
-0.607373
-0.531668
-0.069199
0.375031
0.502973
0.156451
0.109102
-0.433987
0.022574
0.954681
0.378778
0.793982
1.102024
0.961874
0.313421
-0.202901
0.828771
0.657993
0.557040
0.997455
0.482181
0.289358
-0.768347
0.653123
0.499045
0.539938
0.781276
0.698579
0.578147
0.524164
0.524164
0.524164
0.524164
0.524164
0.524164
0.524164
0.524164
0.524164
0.524164
0.524164
0.524164
0.524164
0.524164
0.524164
0.524164
0.524164
0.524164
0.524164
0.524164
0.524164
0.257942
0.606245
0.490354
1.215447
1.041124
0.666768
0.607054
0.561852
0.771157
-0.098778
0.590233
0.755101
1.035329
0.731223
-0.075094
-0.012759
-0.252300
0.215188
0.213126
-0.195667
0.489113
0.457231
-0.059918
-0.010185
-0.445033
0.975785
0.118195
0.641508
-0.166299
-0.166299
-0.166299
-0.166299
-0.166299
-0.166299
-0.166299
-0.166299
-0.166299
-0.166299
-0.166299
-0.166299
-0.166299
-0.166299
-0.166299
-0.166299
-0.166299
-0.166299
-0.166299
-0.166299
-0.166299
0.013791
0.039973
-0.366624
-0.547369
-1.139883
-0.714990
-0.930530
0.304227
0.584836
0.245549
-0.559266
-1.254968
0.077747
-1.087482
0.719691
0.021538
-0.374022
-0.456826
-1.008488
-0.251610
-0.654001
0.311305
-1.035907
-0.944113
-0.842499
-1.204857
-0.452069
-0.065494
0.296488
0.296488
0.296488
0.296488
0.296488
0.296488
0.296488
0.296488
0.296488
0.296488
0.296488
0.296488
0.296488
0.296488
0.296488
0.296488
0.296488
0.296488
0.296488
0.296488
0.296488
0.184896
0.321752
0.145685
0.208687
0.056957
-0.412746
0.195046
0.410566
0.099126
-0.091179
-0.256478
0.011604
-0.757316
-0.184009
-0.299557
-0.334448
0.652108
-0.156360
0.216770
-0.520056
-0.538652
-0.500967
0.181571
0.360271
-0.134464
0.708804
0.100761
-0.052114
-0.348402
-0.348402
-0.348402
-0.348402
-0.348402
-0.348402
-0.348402
-0.348402
-0.348402
-0.348402
-0.348402
-0.348402
-0.348402
-0.348402
-0.348402
-0.348402
-0.348402
-0.348402
-0.348402
-0.348402
-0.348402
0.154724
-0.787562
-1.233853
-1.747428
-1.362232
-1.193401
-1.275388
-0.638443
0.573429
-0.979758
-1.168541
-0.663061
0.700236
-0.099543
-0.190069
0.134475
-0.416785
-0.478978
-0.681601
1.466642
1.276380
0.564809
-0.684390
0.014108
-0.740462
-0.775774
0.687935
0.959946
0.317602
0.317602
0.317602
0.317602
0.317602
0.317602
0.317602
0.317602
0.317602
0.317602
0.317602
0.317602
0.317602
0.317602
0.317602
0.317602
0.317602
0.317602
0.317602
0.317602
0.317602
0.381861
0.079042
-0.599291
0.199550
-0.392880
-0.154278
-0.165758
1.580070
0.561586
0.017358
0.356061
0.207339
1.280834
0.142548
1.375914
0.445204
-0.123789
0.347854
-0.028797
0.701324
0.047696
0.924217
-0.489839
-0.980979
-0.758575
-0.897078
-0.783088
-0.420480
-0.852335
-0.852335
-0.852335
-0.852335
-0.852335
-0.852335
-0.852335
-0.852335
-0.852335
-0.852335
-0.852335
-0.852335
-0.852335
-0.852335
-0.852335
-0.852335
-0.852335
-0.852335
-0.852335
-0.852335
-0.852335
0.308844
0.099383
0.003525
-0.291159
-0.300461
0.568378
0.397800
0.033958
-0.002853
0.541392
1.135898
0.704592
0.580181
0.520113
0.269767
0.275103
0.233093
0.883903
0.465898
0.373928
0.395388
0.103810
-0.022989
0.371787
0.623767
0.355325
0.182827
-0.007562
-0.121188
-0.121188
-0.121188
-0.121188
-0.121188
-0.121188
-0.121188
-0.121188
-0.121188
-0.121188
-0.121188
-0.121188
-0.121188
-0.121188
-0.121188
-0.121188
-0.121188
-0.121188
-0.121188
-0.121188
-0.121188
-0.327305
0.805382
1.320204
1.378271
1.105887
0.316282
0.788879
-0.725173
1.225396
1.839785
2.099590
1.910335
1.507425
0.655037
-0.864578
-0.778964
-0.559578
0.055892
-0.293933
-0.315171
0.141448
-0.845088
-0.772277
-0.866084
-0.914367
-0.710446
-0.189553
0.140058
-0.584245
-0.584245
-0.584245
-0.584245
-0.584245
-0.584245
-0.584245
-0.584245
-0.584245
-0.584245
-0.584245
-0.584245
-0.584245
-0.584245
-0.584245
-0.584245
-0.584245
-0.584245
-0.584245
-0.584245
-0.584245
-0.922956
-0.433156
-0.836811
-0.388066
-0.110030
-0.689146
-0.613753
-0.872736
0.498464
0.387884
0.456842
0.595723
0.788030
0.241754
-0.489043
0.551145
1.182822
0.382548
1.267197
1.927824
0.375469
-0.247124
-0.009749
0.118868
-0.221699
0.832991
0.561252
0.244749
0.735273
0.735273
0.735273
0.735273
0.735273
0.735273
0.735273
0.735273
0.735273
0.735273
0.735273
0.735273
0.735273
0.735273
0.735273
0.735273
0.735273
0.735273
0.735273
0.735273
0.735273
-0.180661
-0.748956
-0.752657
-0.437396
-0.172471
-0.275130
0.145421
0.102447
-0.598626
0.394022
-0.221870
0.542913
0.427747
-0.181462
-0.461192
-0.971071
0.975098
0.415325
1.184145
0.014089
-0.333123
-1.441550
-0.855960
1.069002
0.253947
0.294735
0.691017
-0.263303
-0.830408
-0.830408
-0.830408
-0.830408
-0.830408
-0.830408
-0.830408
-0.830408
-0.830408
-0.830408
-0.830408
-0.830408
-0.830408
-0.830408
-0.830408
-0.830408
-0.830408
-0.830408
-0.830408
-0.830408
-0.830408
-0.271578
-0.156282
0.171114
-0.018276
-0.046068
-0.301628
-0.051142
-0.027083
-0.729550
0.075590
-0.099860
0.086009
0.098416
-0.196138
0.379000
-1.036397
0.141807
-0.139893
0.111294
-0.580963
-0.250645
-0.176746
-0.934906
0.088754
-0.234381
0.646142
-0.329229
-0.111345
-1.284988
-1.284988
-1.284988
-1.284988
-1.284988
-1.284988
-1.284988
-1.284988
-1.284988
-1.284988
-1.284988
-1.284988
-1.284988
-1.284988
-1.284988
-1.284988
-1.284988
-1.284988
-1.284988
-1.284988
-1.284988
1.138479
-0.144822
-0.666994
-0.921581
-0.580450
-0.047266
0.404455
1.597976
0.863161
0.714603
1.301152
0.985391
0.240551
0.493129
0.535609
0.086388
1.246623
1.156202
1.218373
0.543999
0.573517
-0.166756
-0.596673
0.101373
-0.471262
0.980840
0.393742
0.273577
-1.752027
-1.752027
-1.752027
-1.752027
-1.752027
-1.752027
-1.752027
-1.752027
-1.752027
-1.752027
-1.752027
-1.752027
-1.752027
-1.752027
-1.752027
-1.752027
-1.752027
-1.752027
-1.752027
-1.752027
-1.752027
0.336897
0.043978
-0.006632
0.050508
-0.433910
-0.397744
0.091182
0.023493
-0.821283
0.076691
0.108747
0.278908
-1.102953
0.584238
-0.260887
-0.958957
-0.544231
-0.594466
-1.097000
-1.239588
0.199247
-0.286283
0.204449
0.088371
0.240887
-0.600873
-0.251020
0.354025
-1.220260
-1.220260
-1.220260
-1.220260
-1.220260
-1.220260
-1.220260
-1.220260
-1.220260
-1.220260
-1.220260
-1.220260
-1.220260
-1.220260
-1.220260
-1.220260
-1.220260
-1.220260
-1.220260
-1.220260
-1.220260
-1.387394
-0.872398
-0.295376
-0.585387
-0.491053
-0.404588
-0.281480
-1.637658
-0.614667
0.250084
-0.223775
0.252728
0.361596
-0.729971
-0.758865
-0.262023
0.375746
-0.017403
0.451485
0.456044
-0.395731
-0.258655
-0.610143
-0.516036
-1.075028
-1.287288
-0.850289
-0.339497
0.668694
0.668694
0.668694
0.668694
0.668694
0.668694
0.668694
0.668694
0.668694
0.668694
0.668694
0.668694
0.668694
0.668694
0.668694
0.668694
0.668694
0.668694
0.668694
0.668694
0.668694
-0.682304
-0.903640
-1.255782
-0.426162
-0.553883
-0.076032
0.430214
-0.556553
-1.181844
-1.658735
-1.153861
-1.490772
-1.337904
0.003385
-0.176640
-0.837828
-1.018878
-0.490169
-0.853869
-0.360218
0.131610
0.107841
-0.485625
-0.130256
0.418105
-0.758156
-0.013957
0.258938
0.154162
0.154162
0.154162
0.154162
0.154162
0.154162
0.154162
0.154162
0.154162
0.154162
0.154162
0.154162
0.154162
0.154162
0.154162
0.154162
0.154162
0.154162
0.154162
0.154162
0.154162
0.973127
1.415838
1.075335
0.036817
0.323816
1.397862
0.531426
0.958496
0.793379
1.946594
0.726192
0.972505
1.501086
0.821387
-0.602285
-0.140338
1.761442
0.821014
0.585787
-0.094174
-0.472753
-0.213695
-0.744145
-0.172052
-0.208146
-0.482261
-0.974577
-0.725240
0.630182
0.630182
0.630182
0.630182
0.630182
0.630182
0.630182
0.630182
0.630182
0.630182
0.630182
0.630182
0.630182
0.630182
0.630182
0.630182
0.630182
0.630182
0.630182
0.630182
0.630182
-0.391834
-0.012298
0.434624
0.501167
0.528848
0.285504
0.100595
0.128377
-0.722999
0.369255
0.090830
-0.116583
-0.179597
-1.162116
-0.774360
-1.459505
-0.522613
-2.504654
-1.342832
0.063027
0.099673
-0.575945
-1.311727
-1.139618
-2.068272
-0.972897
0.209566
-0.020748
-0.875361
-0.875361
-0.875361
-0.875361
-0.875361
-0.875361
-0.875361
-0.875361
-0.875361
-0.875361
-0.875361
-0.875361
-0.875361
-0.875361
-0.875361
-0.875361
-0.875361
-0.875361
-0.875361
-0.875361
-0.875361
-0.328551
0.117230
1.152743
0.605919
0.360280
0.007431
-0.235229
-0.577067
-0.250062
-0.058757
-1.225607
-0.933370
0.814126
1.131715
-0.482572
-0.287408
-1.307693
-1.644813
-1.766912
0.834149
0.658395
-0.808340
-0.503446
-1.300550
-0.416650
-0.896842
0.225798
-0.067362
-1.349551
-1.349551
-1.349551
-1.349551
-1.349551
-1.349551
-1.349551
-1.349551
-1.349551
-1.349551
-1.349551
-1.349551
-1.349551
-1.349551
-1.349551
-1.349551
-1.349551
-1.349551
-1.349551
-1.349551
-1.349551
-0.932788
0.126791
-0.155355
0.542486
1.021331
-0.525755
-0.494005
-0.003329
0.511470
-0.780923
-0.106655
0.227511
-1.243091
-0.774135
0.217297
0.195176
-0.313848
-0.323451
0.665435
0.175324
-0.701041
0.143108
0.046609
-0.148866
-0.936520
-0.216990
0.540483
-0.081912
0.409854
0.409854
0.409854
0.409854
0.409854
0.409854
0.409854
0.409854
0.409854
0.409854
0.409854
0.409854
0.409854
0.409854
0.409854
0.409854
0.409854
0.409854
0.409854
0.409854
0.409854
-1.436117
-1.116910
-1.853074
-1.436141
-1.792945
-2.432142
-0.777497
-1.425088
-0.715669
-1.489209
0.121492
-0.180457
-3.200947
0.277907
-1.028940
0.538768
-1.478822
-0.794122
-0.170855
-0.592117
0.121267
-0.606475
1.746511
1.493285
2.084847
0.741766
1.336790
0.484902
2.215142
2.215142
2.215142
2.215142
2.215142
2.215142
2.215142
2.215142
2.215142
2.215142
2.215142
2.215142
2.215142
2.215142
2.215142
2.215142
2.215142
2.215142
2.215142
2.215142
2.215142
-0.144485
-0.231259
-0.803716
-1.043504
-0.503830
-1.232493
-0.136371
0.806706
-0.889245
-2.385167
-1.762567
-2.063869
-2.349749
-0.540390
0.368034
-1.407522
-1.701967
-0.643989
-1.364744
-1.591508
-1.367015
0.165023
-0.399735
0.130764
1.278006
1.287131
0.686509
0.020118
-0.196963
-0.196963
-0.196963
-0.196963
-0.196963
-0.196963
-0.196963
-0.196963
-0.196963
-0.196963
-0.196963
-0.196963
-0.196963
-0.196963
-0.196963
-0.196963
-0.196963
-0.196963
-0.196963
-0.196963
-0.196963
-0.163309
-0.437924
-0.460076
-0.902525
-0.609214
-0.190736
-0.265752
0.492244
-0.162552
-1.197125
-1.115405
-0.739022
0.293616
0.032009
1.124678
0.015272
-1.458420
-1.250948
-1.272998
-0.272051
-0.356869
0.776927
-0.389160
-1.316635
-1.148759
-1.118882
-0.305303
-0.111298
-0.037056
-0.037056
-0.037056
-0.037056
-0.037056
-0.037056
-0.037056
-0.037056
-0.037056
-0.037056
-0.037056
-0.037056
-0.037056
-0.037056
-0.037056
-0.037056
-0.037056
-0.037056
-0.037056
-0.037056
-0.037056
-0.995230
-0.314092
0.325769
-0.071493
-0.190465
-0.235857
-0.350705
-0.728807
0.102217
0.393518
-0.444714
-0.056617
0.761286
0.328100
-0.729049
0.462649
0.142074
-0.314030
0.058380
0.503232
0.542176
-0.755818
-0.170108
0.274939
0.552737
0.346914
-0.101706
0.572991
1.012241
1.012241
1.012241
1.012241
1.012241
1.012241
1.012241
1.012241
1.012241
1.012241
1.012241
1.012241
1.012241
1.012241
1.012241
1.012241
1.012241
1.012241
1.012241
1.012241
1.012241
-1.258251
-0.484042
-0.811603
-0.990594
-0.363928
-0.621820
-0.551485
-0.851003
-0.481736
-0.202174
-0.330542
-0.262730
-0.350128
-0.986247
-0.463853
0.069037
0.036941
-0.249729
-0.314902
0.022302
-0.725565
0.223159
0.418173
0.121327
-0.042030
-0.393496
0.048498
-0.370927
0.043587
0.043587
0.043587
0.043587
0.043587
0.043587
0.043587
0.043587
0.043587
0.043587
0.043587
0.043587
0.043587
0.043587
0.043587
0.043587
0.043587
0.043587
0.043587
0.043587
0.043587
0.492846
0.692541
0.229899
-0.061029
-0.046451
0.216705
0.275807
0.316240
0.516724
0.733991
0.543294
0.646119
-0.043336
0.606432
0.098774
0.285017
0.721287
0.553791
0.617352
0.334439
0.386051
-0.201223
0.052905
0.444598
0.076622
0.362230
0.148341
0.347797
0.103039
0.103039
0.103039
0.103039
0.103039
0.103039
0.103039
0.103039
0.103039
0.103039
0.103039
0.103039
0.103039
0.103039
0.103039
0.103039
0.103039
0.103039
0.103039
0.103039
0.103039
1.248229
0.485048
0.067244
0.154753
0.438429
0.358994
0.384163
0.627406
-0.091955
-0.957155
-0.671333
0.114300
-0.005578
0.253966
0.228450
-0.410123
-1.159648
-1.201548
-0.739982
-0.318652
-0.081918
-0.038563
0.008537
-0.440749
-0.800714
-0.835405
-0.256287
-0.266066
0.789285
0.789285
0.789285
0.789285
0.789285
0.789285
0.789285
0.789285
0.789285
0.789285
0.789285
0.789285
0.789285
0.789285
0.789285
0.789285
0.789285
0.789285
0.789285
0.789285
0.789285
-1.357650
-0.208484
-0.840191
0.229025
-0.167811
-1.091942
-0.076977
-1.060970
0.648661
-0.408828
0.889499
-0.152569
-1.090882
-0.213334
-0.003334
0.747364
-0.163187
-0.450316
-0.487122
-0.162691
-0.049056
0.276868
0.862079
0.022653
-0.991673
-0.066889
0.003231
0.219534
0.150314
0.150314
0.150314
0.150314
0.150314
0.150314
0.150314
0.150314
0.150314
0.150314
0.150314
0.150314
0.150314
0.150314
0.150314
0.150314
0.150314
0.150314
0.150314
0.150314
0.150314
-0.366444
0.365294
0.564574
-0.849335
-1.178937
0.210812
-0.200711
-1.297584
1.001320
1.216873
0.036569
-0.877463
-0.087561
0.394319
-1.722610
0.820194
0.527689
0.712085
0.698358
0.691552
0.338755
-0.325157
0.697279
0.328977
0.584279
1.695671
1.900191
1.683913
0.476935
0.476935
0.476935
0.476935
0.476935
0.476935
0.476935
0.476935
0.476935
0.476935
0.476935
0.476935
0.476935
0.476935
0.476935
0.476935
0.476935
0.476935
0.476935
0.476935
0.476935
0.286874
0.311144
0.212177
-0.330311
-0.155447
-0.251728
0.183315
0.092345
0.182147
0.704831
0.032169
0.162872
0.128922
0.200212
-0.324413
-0.771747
-1.731412
-1.181909
-1.112817
0.162758
-0.432587
0.376339
0.077271
0.225149
1.274868
0.798389
0.886742
-0.080861
0.081490
0.081490
0.081490
0.081490
0.081490
0.081490
0.081490
0.081490
0.081490
0.081490
0.081490
0.081490
0.081490
0.081490
0.081490
0.081490
0.081490
0.081490
0.081490
0.081490
0.081490
-0.703434
-0.300135
0.197229
-0.524840
-0.010833
0.147603
-0.277905
-1.264344
-0.537395
-0.848894
-0.963792
-0.619235
-0.474503
-0.879726
-0.185162
0.559166
0.694179
0.682021
0.667629
0.434098
-0.466137
0.114835
0.395194
0.389436
0.299715
0.489697
0.835261
-0.277788
0.336659
0.336659
0.336659
0.336659
0.336659
0.336659
0.336659
0.336659
0.336659
0.336659
0.336659
0.336659
0.336659
0.336659
0.336659
0.336659
0.336659
0.336659
0.336659
0.336659
0.336659
-1.386315
-0.814995
0.615810
-0.301201
-0.016534
0.194367
-0.674530
-1.214126
-0.647217
-0.372607
-0.680729
-0.296325
0.458686
-1.167546
-0.462030
0.132648
-0.301634
-1.406475
0.136514
0.990910
-0.535997
-0.171888
0.138537
-0.141038
-0.938161
0.701598
0.207627
-0.155159
1.397422
1.397422
1.397422
1.397422
1.397422
1.397422
1.397422
1.397422
1.397422
1.397422
1.397422
1.397422
1.397422
1.397422
1.397422
1.397422
1.397422
1.397422
1.397422
1.397422
1.397422
-0.751312
0.269280
0.360118
0.858519
0.746285
-0.517441
-0.115178
-1.053012
0.308499
-0.374835
-0.454512
-0.592147
-0.600911
-0.270342
-0.579454
0.619604
0.393255
-0.260111
0.634881
0.585898
0.537225
-0.160124
0.845673
0.290715
0.202274
0.971670
1.036691
0.519466
0.143889
0.143889
0.143889
0.143889
0.143889
0.143889
0.143889
0.143889
0.143889
0.143889
0.143889
0.143889
0.143889
0.143889
0.143889
0.143889
0.143889
0.143889
0.143889
0.143889
0.143889
-1.242194
-0.788291
-0.212766
-0.815075
-0.468310
-1.418830
-1.341680
-0.843518
0.315115
-0.563614
-0.647708
-0.451604
-0.818433
-1.373651
-0.627751
0.439327
0.385563
0.199429
0.301593
0.453345
-0.969773
-0.602184
0.457048
0.555153
0.361720
0.966639
0.819877
-0.316623
0.944886
0.944886
0.944886
0.944886
0.944886
0.944886
0.944886
0.944886
0.944886
0.944886
0.944886
0.944886
0.944886
0.944886
0.944886
0.944886
0.944886
0.944886
0.944886
0.944886
0.944886
-0.263475
-0.897479
-0.416441
0.339691
0.534518
-0.215630
-0.417938
0.915882
-0.258637
-0.069678
0.052917
-0.013733
0.053731
-0.163811
1.177428
-0.182782
-0.042834
0.765830
0.729101
0.641531
-0.007294
-0.133752
-0.396387
-0.756191
0.671854
0.701528
0.419270
-0.156953
-0.836654
-0.836654
-0.836654
-0.836654
-0.836654
-0.836654
-0.836654
-0.836654
-0.836654
-0.836654
-0.836654
-0.836654
-0.836654
-0.836654
-0.836654
-0.836654
-0.836654
-0.836654
-0.836654
-0.836654
-0.836654
0.365917
-0.240035
0.503210
-0.570961
-0.104934
-0.044759
-0.048224
0.073950
0.125241
1.036963
0.280748
0.136201
-0.115355
-0.225798
0.041019
0.560449
0.755836
0.481736
0.149209
0.055334
-0.308913
0.085865
0.161134
0.236406
0.500291
-0.246189
-0.030731
-0.119140
-0.008465
-0.008465
-0.008465
-0.008465
-0.008465
-0.008465
-0.008465
-0.008465
-0.008465
-0.008465
-0.008465
-0.008465
-0.008465
-0.008465
-0.008465
-0.008465
-0.008465
-0.008465
-0.008465
-0.008465
-0.008465
-0.461099
0.420249
0.691422
0.200359
0.158027
0.361470
-0.130391
0.381397
0.059817
0.412665
-0.168351
0.213403
0.646151
0.573007
0.649717
-0.336236
-0.390534
-0.176646
-0.428918
0.259311
0.317381
-0.158853
-0.433370
-0.504808
0.146544
-0.885177
-0.427474
-0.060390
0.211284
0.211284
0.211284
0.211284
0.211284
0.211284
0.211284
0.211284
0.211284
0.211284
0.211284
0.211284
0.211284
0.211284
0.211284
0.211284
0.211284
0.211284
0.211284
0.211284
0.211284
0.110019
-0.132731
0.412564
-0.267818
0.017653
0.405966
0.284228
0.576090
-0.523136
0.131108
-0.617264
-0.162243
0.426438
0.353182
0.558810
-0.532256
-0.353766
-0.707080
-0.457432
-0.198148
-0.123477
0.073168
-0.921886
-0.529761
-0.542561
-0.582254
-0.537485
-0.421658
-0.529828
-0.529828
-0.529828
-0.529828
-0.529828
-0.529828
-0.529828
-0.529828
-0.529828
-0.529828
-0.529828
-0.529828
-0.529828
-0.529828
-0.529828
-0.529828
-0.529828
-0.529828
-0.529828
-0.529828
-0.529828
0.449297
-0.353527
-0.677086
-0.407398
-0.278977
0.122474
0.470595
1.083051
0.335639
-0.356144
0.467166
0.005593
-0.195616
0.375801
1.382283
-0.045237
-0.889339
-1.445103
-0.997691
-0.736698
0.552655
0.557280
0.452450
-0.532938
-1.147645
-0.250197
0.505038
0.713678
0.078185
0.078185
0.078185
0.078185
0.078185
0.078185
0.078185
0.078185
0.078185
0.078185
0.078185
0.078185
0.078185
0.078185
0.078185
0.078185
0.078185
0.078185
0.078185
0.078185
0.078185
1.499201
0.634507
0.438860
1.421144
1.458960
1.227473
1.636871
1.973194
-0.015461
0.776974
1.050442
1.553334
0.581195
0.604595
2.218841
-0.172412
0.292767
0.231394
1.042422
0.163729
0.123209
1.575932
0.023196
-0.650958
-0.472406
0.278261
0.102784
0.237050
0.034840
0.034840
0.034840
0.034840
0.034840
0.034840
0.034840
0.034840
0.034840
0.034840
0.034840
0.034840
0.034840
0.034840
0.034840
0.034840
0.034840
0.034840
0.034840
0.034840
0.034840
0.198349
0.115996
-0.100059
0.092534
-0.056736
0.200950
-0.134588
-0.012195
-0.949043
-2.401330
-2.222258
-1.556985
-0.164041
-0.038681
1.099370
-0.329646
-0.989879
-1.964799
-0.998155
0.766721
0.844722
0.516668
-0.173203
-0.867124
-1.584464
-0.952803
-0.285362
0.661287
0.211070
0.211070
0.211070
0.211070
0.211070
0.211070
0.211070
0.211070
0.211070
0.211070
0.211070
0.211070
0.211070
0.211070
0.211070
0.211070
0.211070
0.211070
0.211070
0.211070
0.211070
0.089834
0.621903
0.253818
-0.752949
-1.744535
-0.727466
-0.998096
-0.631988
-0.353980
1.150924
0.611503
-0.292016
-0.283943
-0.152787
-0.649133
-0.305907
-0.029374
0.427611
0.201938
-0.406535
0.074353
0.155455
0.325686
-0.902747
-0.377526
-1.065399
-0.900000
0.311254
0.304414
0.304414
0.304414
0.304414
0.304414
0.304414
0.304414
0.304414
0.304414
0.304414
0.304414
0.304414
0.304414
0.304414
0.304414
0.304414
0.304414
0.304414
0.304414
0.304414
0.304414
0.245170
-0.319382
0.168683
-0.709541
-0.205701
0.322625
-0.037052
0.274448
0.208653
0.487517
0.158922
0.255137
0.424726
0.235301
0.521588
0.580357
1.361476
0.580035
0.353893
0.104772
-0.057360
0.408674
0.107188
0.154069
-0.064498
-0.687103
0.164917
-0.203620
-0.297438
-0.297438
-0.297438
-0.297438
-0.297438
-0.297438
-0.297438
-0.297438
-0.297438
-0.297438
-0.297438
-0.297438
-0.297438
-0.297438
-0.297438
-0.297438
-0.297438
-0.297438
-0.297438
-0.297438
-0.297438
-0.106374
0.398252
-0.259942
0.405044
0.254558
-0.382822
-0.427879
-0.394036
-0.318697
-0.840031
-1.148793
-1.223483
-0.563450
-0.607213
-0.384023
0.188653
-0.228848
-0.826505
-0.850519
0.013872
-0.066202
0.075387
0.105254
-0.044225
-0.561004
-0.764540
-0.101144
-0.028138
0.605204
0.605204
0.605204
0.605204
0.605204
0.605204
0.605204
0.605204
0.605204
0.605204
0.605204
0.605204
0.605204
0.605204
0.605204
0.605204
0.605204
0.605204
0.605204
0.605204
0.605204
-0.176334
-0.752256
-1.004072
-0.513784
-0.260095
-0.469950
-0.523051
-0.369591
-0.765530
-0.555693
0.483646
0.115250
-0.197521
-0.877861
-0.013170
0.379974
0.298575
0.854627
0.159615
-0.204859
-0.836621
0.373582
0.699204
0.936716
1.210076
0.341983
0.096824
-0.255894
0.079149
0.079149
0.079149
0.079149
0.079149
0.079149
0.079149
0.079149
0.079149
0.079149
0.079149
0.079149
0.079149
0.079149
0.079149
0.079149
0.079149
0.079149
0.079149
0.079149
0.079149
-0.188899
-0.034648
0.242978
0.219790
0.461448
0.444708
0.637837
-1.087247
0.035410
0.437226
0.652510
0.562742
0.101177
0.701404
-0.572756
-0.926937
-0.028730
1.986475
0.984322
-1.525226
-0.384010
0.227404
-0.920442
-0.261813
0.443301
-0.744824
-2.018896
-1.293588
0.535849
0.535849
0.535849
0.535849
0.535849
0.535849
0.535849
0.535849
0.535849
0.535849
0.535849
0.535849
0.535849
0.535849
0.535849
0.535849
0.535849
0.535849
0.535849
0.535849
0.535849
-0.379486
-0.452896
-0.079523
0.640743
0.298952
0.209494
0.341947
-0.877317
0.384530
-0.011018
0.266464
-0.182525
0.668679
-0.034385
-0.698278
0.433422
0.177757
1.536811
0.368963
0.238502
-0.294548
-0.204577
0.465062
-0.781344
0.164455
-0.207212
0.282900
0.307504
0.753524
0.753524
0.753524
0.753524
0.753524
0.753524
0.753524
0.753524
0.753524
0.753524
0.753524
0.753524
0.753524
0.753524
0.753524
0.753524
0.753524
0.753524
0.753524
0.753524
0.753524
-0.731577
-0.130551
0.209933
-0.483930
0.034933
-0.142155
-0.180976
-0.217518
0.423420
0.963116
-0.194064
0.157203
0.568354
0.367452
0.145014
-0.427845
-0.144813
-0.336332
-0.311321
-0.211816
0.258534
-0.126060
-0.304742
-0.054245
0.496685
0.673084
0.084011
0.352376
-0.598682
-0.598682
-0.598682
-0.598682
-0.598682
-0.598682
-0.598682
-0.598682
-0.598682
-0.598682
-0.598682
-0.598682
-0.598682
-0.598682
-0.598682
-0.598682
-0.598682
-0.598682
-0.598682
-0.598682
-0.598682
-1.076331
-0.369581
-1.113763
-1.802355
-0.984726
-0.863987
-0.390917
-2.474636
-0.798621
-0.535035
0.396090
0.029109
-0.633841
0.262292
-2.268855
-0.960629
-0.671704
0.256648
0.288136
0.867745
-0.032697
-1.394536
0.436204
-0.146946
0.431346
-0.159779
0.041618
0.686157
-1.964356
-1.964356
-1.964356
-1.964356
-1.964356
-1.964356
-1.964356
-1.964356
-1.964356
-1.964356
-1.964356
-1.964356
-1.964356
-1.964356
-1.964356
-1.964356
-1.964356
-1.964356
-1.964356
-1.964356
-1.964356
-0.144304
-0.141311
0.446486
0.135110
0.207023
-0.271148
0.482546
-0.438054
-0.555173
-0.800070
0.319427
-0.061025
-0.012120
0.196381
0.146824
-0.547817
0.584557
-0.089637
-0.316876
-0.878224
-0.262190
-0.259740
-0.242207
0.666488
0.490102
0.552100
-0.338413
-0.689159
-0.277506
-0.277506
-0.277506
-0.277506
-0.277506
-0.277506
-0.277506
-0.277506
-0.277506
-0.277506
-0.277506
-0.277506
-0.277506
-0.277506
-0.277506
-0.277506
-0.277506
-0.277506
-0.277506
-0.277506
-0.277506
1.651907
-0.688510
-1.325071
-0.911502
-0.242127
-0.152421
-0.091438
1.494190
0.102471
0.156176
0.185369
0.054180
0.203449
-0.910328
0.398253
0.097979
1.704220
0.404001
0.328468
-0.431062
-1.336640
-0.829133
-0.657613
-0.292955
-0.937067
-0.401002
-0.695287
-1.088924
-0.764760
-0.764760
-0.764760
-0.764760
-0.764760
-0.764760
-0.764760
-0.764760
-0.764760
-0.764760
-0.764760
-0.764760
-0.764760
-0.764760
-0.764760
-0.764760
-0.764760
-0.764760
-0.764760
-0.764760
-0.764760
0.064750
-0.607820
-0.834906
-1.201672
-1.167047
-0.864120
-0.523165
0.159554
-0.223328
-0.083604
-0.276444
-0.107305
-0.332016
-0.214427
-0.130223
-0.401378
-0.003144
0.578607
0.331348
0.194195
-0.368338
-0.155955
-0.535638
-0.070819
0.375554
-0.074678
-0.036991
-0.231682
-0.434458
-0.434458
-0.434458
-0.434458
-0.434458
-0.434458
-0.434458
-0.434458
-0.434458
-0.434458
-0.434458
-0.434458
-0.434458
-0.434458
-0.434458
-0.434458
-0.434458
-0.434458
-0.434458
-0.434458
-0.434458
0.112800
-0.009782
-0.190696
0.010991
-0.221158
-0.016012
-0.256845
-0.312535
-1.048367
-1.530801
-2.266925
-1.518522
0.115677
-0.149305
-0.625889
-1.037486
-1.910547
-2.017493
-1.529341
-0.434408
0.289159
-0.901638
-0.998878
-0.847459
-0.382728
-0.854353
-0.293785
0.347382
-0.562058
-0.562058
-0.562058
-0.562058
-0.562058
-0.562058
-0.562058
-0.562058
-0.562058
-0.562058
-0.562058
-0.562058
-0.562058
-0.562058
-0.562058
-0.562058
-0.562058
-0.562058
-0.562058
-0.562058
-0.562058
-2.012910
-0.115498
0.617318
1.035317
0.326805
1.222280
-0.180205
-2.017081
-1.155564
-1.175148
-1.554074
-1.250673
0.736444
1.019754
-0.598162
0.261947
-0.907624
-0.012808
-0.337630
1.991860
1.800253
-0.484271
-0.148302
0.013916
1.300228
-0.192645
0.768343
0.367547
0.062683
0.062683
0.062683
0.062683
0.062683
0.062683
0.062683
0.062683
0.062683
0.062683
0.062683
0.062683
0.062683
0.062683
0.062683
0.062683
0.062683
0.062683
0.062683
0.062683
0.062683
-0.802843
0.298061
1.024229
0.043224
-0.136197
-0.276540
-0.723276
-1.630351
0.184540
0.681774
0.806621
0.369451
1.346588
0.788526
-1.400756
1.448608
1.445613
1.434064
0.837337
-0.225822
0.515577
-0.686738
0.656534
0.301742
0.160507
-1.169427
-1.170451
-0.372980
0.208159
0.208159
0.208159
0.208159
0.208159
0.208159
0.208159
0.208159
0.208159
0.208159
0.208159
0.208159
0.208159
0.208159
0.208159
0.208159
0.208159
0.208159
0.208159
0.208159
0.208159
0.026438
0.307496
0.668260
0.380288
0.788749
0.730236
0.625690
0.400586
1.212085
1.044126
0.505312
1.762917
1.426071
0.316525
0.713273
1.062590
1.421297
0.427564
0.924205
0.185673
0.036774
0.675698
0.479175
0.568058
0.032282
0.051818
-0.220231
0.420849
0.409009
0.409009
0.409009
0.409009
0.409009
0.409009
0.409009
0.409009
0.409009
0.409009
0.409009
0.409009
0.409009
0.409009
0.409009
0.409009
0.409009
0.409009
0.409009
0.409009
0.409009
0.642907
0.172797
-1.763428
-0.713490
-1.446823
-0.347406
0.172729
-0.204201
-0.883662
-0.046284
0.708653
-0.621436
-1.978158
-1.013321
-0.828500
0.003966
2.002254
1.660669
0.278206
-0.600971
-0.854168
-1.306118
-0.374698
0.307235
0.283196
-1.076438
-0.199313
-0.800640
-1.503240
-1.503240
-1.503240
-1.503240
-1.503240
-1.503240
-1.503240
-1.503240
-1.503240
-1.503240
-1.503240
-1.503240
-1.503240
-1.503240
-1.503240
-1.503240
-1.503240
-1.503240
-1.503240
-1.503240
-1.503240
0.097897
-0.649922
0.241890
-0.005973
-0.497447
-1.315545
-0.628840
0.454998
-0.190646
0.384998
0.835869
-0.128199
-0.407354
-0.505782
0.392278
-0.322109
-0.140310
0.471315
0.861148
0.280646
-0.554745
-0.268091
-0.206611
-0.062321
0.253554
1.413714
0.762209
-0.143457
-0.142181
-0.142181
-0.142181
-0.142181
-0.142181
-0.142181
-0.142181
-0.142181
-0.142181
-0.142181
-0.142181
-0.142181
-0.142181
-0.142181
-0.142181
-0.142181
-0.142181
-0.142181
-0.142181
-0.142181
-0.142181
-0.438575
0.295452
0.515924
1.166619
0.687490
0.972409
1.174535
-0.245237
-0.076090
-0.112135
1.718601
0.119665
-0.255631
0.487183
-0.781840
-0.784580
-0.664389
0.437726
-0.582503
-0.901158
-0.494190
-0.726080
0.439429
1.162674
1.842505
0.812792
0.959772
0.134172
-0.989070
-0.989070
-0.989070
-0.989070
-0.989070
-0.989070
-0.989070
-0.989070
-0.989070
-0.989070
-0.989070
-0.989070
-0.989070
-0.989070
-0.989070
-0.989070
-0.989070
-0.989070
-0.989070
-0.989070
-0.989070
0.316725
-0.305331
0.059595
-0.326847
-0.302719
0.261717
0.127990
1.376615
-0.060280
-0.022787
-0.506138
-0.023577
-0.407152
0.351482
1.120956
-0.165706
-0.106653
-0.496188
-0.106787
-0.553883
0.206745
0.761449
-0.135008
0.294494
0.484017
0.757756
0.095562
0.102152
-0.446381
-0.446381
-0.446381
-0.446381
-0.446381
-0.446381
-0.446381
-0.446381
-0.446381
-0.446381
-0.446381
-0.446381
-0.446381
-0.446381
-0.446381
-0.446381
-0.446381
-0.446381
-0.446381
-0.446381
-0.446381
0.361972
-0.415899
-0.556198
-0.290571
-0.672292
-0.421544
-0.383538
-0.158577
-0.280077
0.308399
1.218824
-0.076642
-0.262017
-0.067514
0.639358
2.390012
3.001940
1.523303
1.062677
1.542814
0.869821
0.647054
2.059940
1.149026
-0.337298
0.460146
0.091795
0.647778
-0.938070
-0.938070
-0.938070
-0.938070
-0.938070
-0.938070
-0.938070
-0.938070
-0.938070
-0.938070
-0.938070
-0.938070
-0.938070
-0.938070
-0.938070
-0.938070
-0.938070
-0.938070
-0.938070
-0.938070
-0.938070
-0.236554
0.582375
-0.567792
0.795888
0.771203
0.560313
0.723764
-0.843706
0.052423
-1.991289
-1.420103
-0.646108
0.187830
0.741659
-0.180915
0.060851
-1.586217
-1.706145
-0.941808
-0.454113
-0.109642
0.480663
0.377042
-0.376100
-0.588026
-0.438147
-0.869172
0.055257
0.516214
0.516214
0.516214
0.516214
0.516214
0.516214
0.516214
0.516214
0.516214
0.516214
0.516214
0.516214
0.516214
0.516214
0.516214
0.516214
0.516214
0.516214
0.516214
0.516214
0.516214
-0.581960
-0.431832
-0.766339
-0.248891
-0.320629
-0.693464
-0.491951
-0.795844
-0.584129
-0.291767
-0.106626
-0.041933
-0.419300
-0.475974
-0.442481
-0.181703
0.151149
0.149871
0.215282
0.184908
-0.260577
-0.614503
-0.075084
0.199324
0.256358
0.300004
0.188939
-0.370228
0.117797
0.117797
0.117797
0.117797
0.117797
0.117797
0.117797
0.117797
0.117797
0.117797
0.117797
0.117797
0.117797
0.117797
0.117797
0.117797
0.117797
0.117797
0.117797
0.117797
0.117797
0.313635
-0.163521
-0.383503
-0.898436
-0.704421
-0.464880
-0.485087
0.076261
0.167062
0.683216
0.322722
0.369444
0.035248
0.031706
-0.259602
0.313846
0.657711
0.414692
0.831758
0.457657
-0.029814
-0.264284
0.164716
0.351232
0.015052
0.279877
-0.175886
-0.268186
0.336208
0.336208
0.336208
0.336208
0.336208
0.336208
0.336208
0.336208
0.336208
0.336208
0.336208
0.336208
0.336208
0.336208
0.336208
0.336208
0.336208
0.336208
0.336208
0.336208
0.336208
-0.433718
0.529326
1.538234
0.649096
0.721609
1.039766
0.116363
-0.354891
0.802047
1.210058
-0.081924
0.635710
2.087698
1.142206
-0.044000
0.243431
0.794259
0.435456
0.368711
0.983870
0.256498
0.450552
-0.170313
0.258064
-0.052110
-0.161279
-0.706658
-0.319957
0.974353
0.974353
0.974353
0.974353
0.974353
0.974353
0.974353
0.974353
0.974353
0.974353
0.974353
0.974353
0.974353
0.974353
0.974353
0.974353
0.974353
0.974353
0.974353
0.974353
0.974353
0.087334
0.091478
-0.502787
-0.125505
0.028590
-0.394809
0.159857
0.252781
0.002192
-0.162825
-0.187837
0.009437
-0.510982
-0.188031
0.623234
0.427600
0.335162
0.521258
0.310292
-0.321518
0.015113
0.348925
0.088462
0.229083
0.311516
0.318576
0.006408
-0.190097
-0.110466
-0.110466
-0.110466
-0.110466
-0.110466
-0.110466
-0.110466
-0.110466
-0.110466
-0.110466
-0.110466
-0.110466
-0.110466
-0.110466
-0.110466
-0.110466
-0.110466
-0.110466
-0.110466
-0.110466
-0.110466
-0.483657
-0.280387
0.247987
0.710807
0.792223
-0.050681
-0.015802
0.200355
0.082744
-0.295735
0.203484
0.781478
0.533316
0.570457
0.445732
0.419258
0.490241
0.810740
1.053027
1.727788
1.237708
-0.225273
-0.216197
-0.224685
-0.309932
-0.624004
0.030856
0.312520
0.208180
0.208180
0.208180
0.208180
0.208180
0.208180
0.208180
0.208180
0.208180
0.208180
0.208180
0.208180
0.208180
0.208180
0.208180
0.208180
0.208180
0.208180
0.208180
0.208180
0.208180
0.681036
-0.010492
0.555094
1.163985
1.181018
0.167062
0.316715
0.271265
-0.896534
-1.090198
-0.642993
-0.580223
-0.273334
-0.420276
0.310113
-0.286543
-0.338288
-0.572915
-0.095114
0.595394
-0.101364
-0.085554
-0.645422
-0.421714
-0.092351
-0.259895
-0.328902
-0.316715
-0.331155
-0.331155
-0.331155
-0.331155
-0.331155
-0.331155
-0.331155
-0.331155
-0.331155
-0.331155
-0.331155
-0.331155
-0.331155
-0.331155
-0.331155
-0.331155
-0.331155
-0.331155
-0.331155
-0.331155
-0.331155
0.265154
-0.551961
-0.253719
-0.679364
-0.438932
-0.581056
-0.641239
-0.270582
-1.081669
-0.742856
-0.882924
-0.751608
-1.183881
-1.055911
-0.247300
-1.024211
-0.837640
-1.004772
-0.890404
-0.848222
-0.728963
-0.463106
-0.289371
-0.868381
-0.722047
-0.630308
-0.228006
-0.204607
-0.276166
-0.276166
-0.276166
-0.276166
-0.276166
-0.276166
-0.276166
-0.276166
-0.276166
-0.276166
-0.276166
-0.276166
-0.276166
-0.276166
-0.276166
-0.276166
-0.276166
-0.276166
-0.276166
-0.276166
-0.276166
1.119440
0.716046
-0.280244
0.918789
1.135332
0.735886
0.607416
2.541223
1.033141
-0.579179
0.760340
0.325631
0.419026
1.004985
1.573468
0.585035
-1.710312
-1.515172
-1.654620
-0.265286
0.711665
1.432070
0.276828
-0.047657
-0.956121
-0.400829
0.182363
0.673194
0.205947
0.205947
0.205947
0.205947
0.205947
0.205947
0.205947
0.205947
0.205947
0.205947
0.205947
0.205947
0.205947
0.205947
0.205947
0.205947
0.205947
0.205947
0.205947
0.205947
0.205947
-0.385585
0.800055
0.193642
0.520901
0.653879
-0.315468
0.063322
-0.532380
0.677107
-0.407335
0.155287
0.391370
0.172278
-0.001589
-0.107513
0.838767
-0.037849
0.057803
-0.205379
1.141814
1.173079
0.011545
0.586831
0.150184
-0.312597
-0.001920
0.319971
1.028149
-0.960269
-0.960269
-0.960269
-0.960269
-0.960269
-0.960269
-0.960269
-0.960269
-0.960269
-0.960269
-0.960269
-0.960269
-0.960269
-0.960269
-0.960269
-0.960269
-0.960269
-0.960269
-0.960269
-0.960269
-0.960269
-0.553460
-0.546035
-0.611769
-0.722278
-0.364220
-0.147983
-0.536136
-0.938447
-0.506698
-0.655106
-2.133241
-1.232758
-0.509631
-0.944756
-0.796313
-0.332241
0.021439
-1.551893
-0.099519
-0.392900
-1.015638
-0.507243
-0.056590
0.498605
-0.512636
0.786912
0.039576
-0.588456
0.307254
0.307254
0.307254
0.307254
0.307254
0.307254
0.307254
0.307254
0.307254
0.307254
0.307254
0.307254
0.307254
0.307254
0.307254
0.307254
0.307254
0.307254
0.307254
0.307254
0.307254
1.718097
0.343568
-0.415815
0.279785
0.515496
0.475606
0.578157
2.010657
0.599262
0.927783
0.711682
0.344636
0.613176
0.244470
0.673299
-0.770954
-0.595508
0.440308
-0.152469
-1.058065
-0.299478
0.033396
-0.270355
-0.338005
0.556935
-0.447765
-0.770374
-0.604089
-0.851698
-0.851698
-0.851698
-0.851698
-0.851698
-0.851698
-0.851698
-0.851698
-0.851698
-0.851698
-0.851698
-0.851698
-0.851698
-0.851698
-0.851698
-0.851698
-0.851698
-0.851698
-0.851698
-0.851698
-0.851698
0.049739
-1.238544
-0.273411
-1.174200
-0.987094
-0.450122
-0.041475
0.156525
-0.532795
0.094345
-1.355504
-0.769361
-0.558886
0.097390
-0.068247
-1.255694
-0.702747
-0.428220
-0.348450
-0.617143
-0.453855
-0.451377
-0.784440
0.089326
0.710081
0.080112
-0.057283
-0.298094
-0.029210
-0.029210
-0.029210
-0.029210
-0.029210
-0.029210
-0.029210
-0.029210
-0.029210
-0.029210
-0.029210
-0.029210
-0.029210
-0.029210
-0.029210
-0.029210
-0.029210
-0.029210
-0.029210
-0.029210
-0.029210
-1.166692
-1.619157
-1.862614
-0.750032
-1.097042
-0.960716
-0.477333
-1.713291
-2.308646
-3.102469
-1.678249
-2.173396
-3.753960
-1.788462
-0.816986
-0.123158
-0.466291
1.363690
0.119294
-1.447551
-1.194342
-0.747296
0.377508
0.136320
1.934780
0.120106
0.413717
-0.346600
-0.468109
-0.468109
-0.468109
-0.468109
-0.468109
-0.468109
-0.468109
-0.468109
-0.468109
-0.468109
-0.468109
-0.468109
-0.468109
-0.468109
-0.468109
-0.468109
-0.468109
-0.468109
-0.468109
-0.468109
-0.468109
0.932444
0.023693
0.017665
-0.869774
-0.072321
0.415100
0.435422
0.542630
0.574085
0.825348
0.189127
0.377331
0.502509
-0.180763
0.075559
-0.110929
-0.054458
0.442630
-0.353440
0.048525
-0.688291
0.035759
0.012759
-0.267219
0.395971
-0.205069
-0.484808
-0.811512
-0.114610
-0.114610
-0.114610
-0.114610
-0.114610
-0.114610
-0.114610
-0.114610
-0.114610
-0.114610
-0.114610
-0.114610
-0.114610
-0.114610
-0.114610
-0.114610
-0.114610
-0.114610
-0.114610
-0.114610
-0.114610
-1.946449
-0.276135
-0.627984
-1.042535
-1.018751
-1.012715
-0.732826
-1.654142
-0.293138
-1.181212
-1.667390
-1.690521
-0.865339
-0.178538
-1.063015
0.428514
-0.438505
-0.995446
-0.060693
1.165302
0.572215
0.107935
1.685220
0.617452
0.570795
1.111950
1.480396
0.979070
1.356745
1.356745
1.356745
1.356745
1.356745
1.356745
1.356745
1.356745
1.356745
1.356745
1.356745
1.356745
1.356745
1.356745
1.356745
1.356745
1.356745
1.356745
1.356745
1.356745
1.356745
0.196496
-0.128483
-0.070792
-0.410667
-0.213516
-0.086668
-0.294246
0.176169
0.171464
0.709597
0.279916
0.579094
0.842144
0.285964
0.010485
-0.125672
0.414230
0.543366
1.038429
1.153057
0.307466
-0.168121
0.128738
-0.037149
-0.625578
-0.097354
0.001660
-0.147423
-0.482102
-0.482102
-0.482102
-0.482102
-0.482102
-0.482102
-0.482102
-0.482102
-0.482102
-0.482102
-0.482102
-0.482102
-0.482102
-0.482102
-0.482102
-0.482102
-0.482102
-0.482102
-0.482102
-0.482102
-0.482102
-0.342612
-0.045806
0.052978
-0.018977
-0.124056
0.382288
0.100142
0.060626
0.858319
2.003731
1.851016
1.504838
2.374446
0.730923
-0.472160
-0.230002
2.007966
1.350033
1.879902
1.587962
0.100269
-0.202530
0.499319
1.337305
1.292429
2.398091
0.433954
0.445758
-0.564573
-0.564573
-0.564573
-0.564573
-0.564573
-0.564573
-0.564573
-0.564573
-0.564573
-0.564573
-0.564573
-0.564573
-0.564573
-0.564573
-0.564573
-0.564573
-0.564573
-0.564573
-0.564573
-0.564573
-0.564573
0.327423
0.371012
0.227273
0.573370
0.681284
0.771439
0.806224
0.782029
0.054491
0.386807
-0.109148
0.061897
0.409636
0.785289
0.935345
0.491536
-0.070087
0.322813
0.356070
0.693729
0.702697
0.405972
0.333909
0.474094
0.940621
0.387904
0.220813
0.400711
-0.209466
-0.209466
-0.209466
-0.209466
-0.209466
-0.209466
-0.209466
-0.209466
-0.209466
-0.209466
-0.209466
-0.209466
-0.209466
-0.209466
-0.209466
-0.209466
-0.209466
-0.209466
-0.209466
-0.209466
-0.209466
-2.185295
-1.836557
-1.662658
-1.301538
-1.147694
-0.635755
-1.783864
-2.479842
-0.637811
-0.458427
-1.135843
-1.150422
-0.367008
-1.911153
-1.826744
0.509124
0.426039
-1.504143
-1.150702
0.370802
-0.984236
-0.323654
0.752768
0.252381
-0.986335
-0.260632
0.285922
0.237848
0.149713
0.149713
0.149713
0.149713
0.149713
0.149713
0.149713
0.149713
0.149713
0.149713
0.149713
0.149713
0.149713
0.149713
0.149713
0.149713
0.149713
0.149713
0.149713
0.149713
0.149713
-0.941497
0.369152
1.018489
-0.132661
-0.505083
0.078925
-0.397944
-0.727432
-0.509443
-0.069248
0.083080
-0.371679
-0.107962
-0.426159
-0.239796
-1.242291
-3.151082
-1.108846
-1.883802
-0.980115
-0.962326
0.387594
-0.417582
-0.583800
0.162308
-1.111038
0.075369
-0.408392
-0.395324
-0.395324
-0.395324
-0.395324
-0.395324
-0.395324
-0.395324
-0.395324
-0.395324
-0.395324
-0.395324
-0.395324
-0.395324
-0.395324
-0.395324
-0.395324
-0.395324
-0.395324
-0.395324
-0.395324
-0.395324
0.520875
-0.523302
-0.738496
0.493227
0.300552
-0.840290
0.178320
-0.930024
-1.059797
-1.157635
-0.774710
-0.755797
-1.009002
-0.263074
-0.357559
-1.653096
-2.196914
-2.902941
-1.997464
-1.254681
-0.297915
0.191976
0.067535
0.069016
-0.405941
-0.076176
-0.296846
-0.087207
0.640790
0.640790
0.640790
0.640790
0.640790
0.640790
0.640790
0.640790
0.640790
0.640790
0.640790
0.640790
0.640790
0.640790
0.640790
0.640790
0.640790
0.640790
0.640790
0.640790
0.640790
-1.062707
0.027655
0.217944
-0.280056
-0.489659
-0.882490
-0.585274
-0.769895
-0.240764
0.844859
0.659516
0.627348
-1.218063
-0.259954
-0.450216
-0.320452
0.383405
0.808555
-0.006456
-0.264855
-0.188953
0.350687
-0.014361
0.064424
0.383626
0.126720
0.978644
0.483122
0.539976
0.539976
0.539976
0.539976
0.539976
0.539976
0.539976
0.539976
0.539976
0.539976
0.539976
0.539976
0.539976
0.539976
0.539976
0.539976
0.539976
0.539976
0.539976
0.539976
0.539976
-0.420215
-0.526969
-0.409336
-0.193705
-0.022471
-0.046469
-0.809231
-0.713291
-0.521612
-1.413750
-0.472316
-0.456069
0.741913
0.412742
-0.726490
-0.666472
-1.089276
-0.538668
-0.326434
0.839797
0.983107
-0.010958
0.217786
-0.326759
0.557386
0.636425
1.425414
1.245136
-0.839277
-0.839277
-0.839277
-0.839277
-0.839277
-0.839277
-0.839277
-0.839277
-0.839277
-0.839277
-0.839277
-0.839277
-0.839277
-0.839277
-0.839277
-0.839277
-0.839277
-0.839277
-0.839277
-0.839277
-0.839277
0.677272
0.068975
0.292268
-0.161032
-0.250701
0.726855
0.334747
0.464634
-0.238243
0.571624
0.059672
-0.243193
0.709305
-0.142544
-0.072063
-0.340854
-0.236850
-0.025654
-0.265588
-1.105291
-0.823058
-0.477610
0.088132
-0.364277
-0.379286
-0.492145
-0.447423
-0.658363
-0.372641
-0.372641
-0.372641
-0.372641
-0.372641
-0.372641
-0.372641
-0.372641
-0.372641
-0.372641
-0.372641
-0.372641
-0.372641
-0.372641
-0.372641
-0.372641
-0.372641
-0.372641
-0.372641
-0.372641
-0.372641
0.394954
0.171927
0.710671
0.308962
-0.065860
-0.677249
-0.142473
0.600256
-0.456198
-1.003108
-0.569314
-0.631684
-1.557099
-0.421081
-0.199073
-1.097930
-1.362639
-0.704013
-0.926822
-1.342723
-0.424454
-0.373474
-0.140588
-0.602744
-0.058734
-0.507196
0.194672
0.167846
-0.195636
-0.195636
-0.195636
-0.195636
-0.195636
-0.195636
-0.195636
-0.195636
-0.195636
-0.195636
-0.195636
-0.195636
-0.195636
-0.195636
-0.195636
-0.195636
-0.195636
-0.195636
-0.195636
-0.195636
-0.195636
0.921209
0.229505
0.191173
0.523269
0.583072
0.362539
1.039145
0.843692
0.266423
0.824880
0.685763
0.499521
0.860970
0.519778
0.230041
0.116741
-0.405098
0.529628
0.252420
0.538032
0.509151
-0.504989
-0.638130
-1.347401
0.150329
-1.414686
-0.451924
-0.200306
-0.313921
-0.313921
-0.313921
-0.313921
-0.313921
-0.313921
-0.313921
-0.313921
-0.313921
-0.313921
-0.313921
-0.313921
-0.313921
-0.313921
-0.313921
-0.313921
-0.313921
-0.313921
-0.313921
-0.313921
-0.313921
0.256264
0.083043
0.607400
0.660970
0.806369
0.868515
0.937207
1.370940
0.172859
0.586637
0.782333
0.022062
-0.159922
0.244388
1.086597
0.271676
0.911784
-0.114917
0.131041
0.761418
0.708629
0.851704
-0.345059
-0.062926
-0.931176
-0.098584
0.281661
0.034176
-0.310811
-0.310811
-0.310811
-0.310811
-0.310811
-0.310811
-0.310811
-0.310811
-0.310811
-0.310811
-0.310811
-0.310811
-0.310811
-0.310811
-0.310811
-0.310811
-0.310811
-0.310811
-0.310811
-0.310811
-0.310811
-1.094545
-0.898543
0.190278
-1.205468
-0.874447
-0.691779
-0.414434
-1.602029
-1.112821
-0.296696
0.232798
0.735328
0.085581
0.426582
-1.144771
-0.260434
-1.683408
-0.118510
-0.964738
-0.583414
-0.330451
-1.826508
0.752104
0.358712
1.189502
0.036152
0.264064
-0.072967
-0.651613
-0.651613
-0.651613
-0.651613
-0.651613
-0.651613
-0.651613
-0.651613
-0.651613
-0.651613
-0.651613
-0.651613
-0.651613
-0.651613
-0.651613
-0.651613
-0.651613
-0.651613
-0.651613
-0.651613
-0.651613
-1.621155
0.967153
0.630572
-0.791214
-0.845892
0.024902
-0.518592
-2.068329
1.689078
0.126550
-0.250671
0.017537
0.228597
0.777974
-1.260440
1.155939
-1.038260
-1.612906
-1.924865
1.378305
0.297801
-0.221882
1.269000
0.399085
-0.518909
-1.468900
-0.501744
0.029896
0.387864
0.387864
0.387864
0.387864
0.387864
0.387864
0.387864
0.387864
0.387864
0.387864
0.387864
0.387864
0.387864
0.387864
0.387864
0.387864
0.387864
0.387864
0.387864
0.387864
0.387864
-0.196088
-0.202962
-0.759133
-0.392423
-0.559232
-0.372424
-0.118591
0.188260
-0.772979
-0.620893
0.416650
-0.014257
-1.119638
-0.862678
-0.587167
-0.933417
-0.484172
0.412791
-0.240868
-0.612924
-0.773863
-0.487036
0.339422
0.493621
0.906350
0.337649
0.484302
0.022406
-0.019683
-0.019683
-0.019683
-0.019683
-0.019683
-0.019683
-0.019683
-0.019683
-0.019683
-0.019683
-0.019683
-0.019683
-0.019683
-0.019683
-0.019683
-0.019683
-0.019683
-0.019683
-0.019683
-0.019683
-0.019683
-0.487030
0.088132
0.692248
0.523056
0.312184
0.766854
0.060159
0.405217
-0.041064
0.255703
-0.194154
0.379951
0.812446
0.512809
1.082625
0.752728
0.713858
0.579475
0.367944
0.342013
0.396245
0.441412
-0.391926
0.386996
0.891000
-0.048295
-0.073947
-0.327511
0.899281
0.899281
0.899281
0.899281
0.899281
0.899281
0.899281
0.899281
0.899281
0.899281
0.899281
0.899281
0.899281
0.899281
0.899281
0.899281
0.899281
0.899281
0.899281
0.899281
0.899281
1.202992
0.690752
-0.451381
-0.116756
0.534757
0.810989
0.884465
-0.002002
0.605397
0.016984
0.266885
1.238291
1.016235
0.938488
-0.451303
0.559807
0.719645
0.452571
1.080373
0.951029
0.018351
-0.349441
-0.658574
-0.168263
-1.073237
-0.536706
-0.317869
-1.219301
0.458690
0.458690
0.458690
0.458690
0.458690
0.458690
0.458690
0.458690
0.458690
0.458690
0.458690
0.458690
0.458690
0.458690
0.458690
0.458690
0.458690
0.458690
0.458690
0.458690
0.458690
0.066260
-0.229248
-0.586198
0.094979
0.344665
0.424648
0.279211
-0.087390
-0.436509
-1.037521
0.092307
0.685156
1.129947
0.947320
-0.435440
-0.147081
-1.104820
-0.960890
-0.170039
0.490184
0.764825
-0.640458
0.257565
0.007132
-0.646035
0.430978
0.885631
0.470713
-0.152153
-0.152153
-0.152153
-0.152153
-0.152153
-0.152153
-0.152153
-0.152153
-0.152153
-0.152153
-0.152153
-0.152153
-0.152153
-0.152153
-0.152153
-0.152153
-0.152153
-0.152153
-0.152153
-0.152153
-0.152153
0.708150
-0.800728
-1.303899
-0.611214
-0.253032
-0.319561
0.105952
0.846478
-1.275653
-1.717939
-1.846536
-1.635317
-1.718596
-0.530083
0.410519
-0.520724
-0.066746
0.381509
-0.128164
-0.250724
-0.167135
0.375465
-0.767849
-0.438186
0.243450
-0.338624
-0.169203
-0.118714
-0.146036
-0.146036
-0.146036
-0.146036
-0.146036
-0.146036
-0.146036
-0.146036
-0.146036
-0.146036
-0.146036
-0.146036
-0.146036
-0.146036
-0.146036
-0.146036
-0.146036
-0.146036
-0.146036
-0.146036
-0.146036
0.136968
-0.127861
0.115807
0.431573
0.361920
0.118674
-0.137003
1.245405
-0.497273
-0.165132
0.378495
0.139608
0.040951
0.141374
1.676115
-0.382938
-0.244737
-0.468914
-0.310565
0.003644
-0.360924
1.333212
0.559940
0.498538
0.429821
0.604708
0.766274
0.123611
-0.562992
-0.562992
-0.562992
-0.562992
-0.562992
-0.562992
-0.562992
-0.562992
-0.562992
-0.562992
-0.562992
-0.562992
-0.562992
-0.562992
-0.562992
-0.562992
-0.562992
-0.562992
-0.562992
-0.562992
-0.562992
-0.395292
0.334261
0.503139
0.438922
0.483939
0.062251
-0.703095
0.154646
0.232067
0.035843
-0.243389
-0.055499
-0.511124
-0.680536
-0.080933
0.151449
-0.168549
-0.178821
0.021400
0.164389
-0.232036
-0.055404
0.035287
0.407793
-0.230077
0.467514
0.801209
-0.419365
0.851520
0.851520
0.851520
0.851520
0.851520
0.851520
0.851520
0.851520
0.851520
0.851520
0.851520
0.851520
0.851520
0.851520
0.851520
0.851520
0.851520
0.851520
0.851520
0.851520
0.851520
-0.257705
-0.296336
-0.195838
-0.197979
-0.220104
0.023146
0.025312
0.053494
-0.801955
-0.224407
-0.732413
-0.284572
-0.346879
-0.154143
0.262012
-0.297581
-0.221501
-0.427052
-0.370976
-0.354354
0.086935
-0.111080
-0.305428
-0.307211
0.115653
-0.925765
-0.358927
-0.145196
0.101980
0.101980
0.101980
0.101980
0.101980
0.101980
0.101980
0.101980
0.101980
0.101980
0.101980
0.101980
0.101980
0.101980
0.101980
0.101980
0.101980
0.101980
0.101980
0.101980
0.101980
-0.408846
-0.188564
0.644329
-0.167008
-0.609195
0.003000
-0.490432
0.199227
1.243384
2.206920
1.437669
1.507003
1.999832
0.116997
0.957862
0.742785
1.433705
1.364558
1.228694
1.473748
0.111821
0.368856
-0.677168
-0.291973
-0.384859
0.075930
-0.356980
-0.591447
0.415525
0.415525
0.415525
0.415525
0.415525
0.415525
0.415525
0.415525
0.415525
0.415525
0.415525
0.415525
0.415525
0.415525
0.415525
0.415525
0.415525
0.415525
0.415525
0.415525
0.415525
