160,7,7
0.550167
-0.313382
-0.420100
-0.096306
0.084748
0.257090
0.183392
-0.064778
-0.335366
-0.528740
-0.961228
-0.540456
0.536934
0.587383
0.096417
0.318134
-1.057030
-2.465919
-1.940902
0.431445
0.625979
-0.208392
-0.459939
-0.625730
-0.615915
-1.732847
0.005081
0.704206
-0.372031
-1.472569
-0.817472
-0.275552
-0.607756
-0.884580
0.333728
-0.488791
-1.211601
-0.435719
-1.003895
-0.789109
-1.341444
-0.034611
-0.065629
-0.041860
0.409252
0.464111
-0.034603
-0.146334
0.655555
-0.014522
0.087691
1.441840
1.337299
1.065146
0.361450
-0.144851
-0.799381
0.145037
0.821957
0.995953
1.314465
0.856639
-0.255684
-0.896059
0.374614
0.757242
2.205903
1.538644
1.524680
0.302410
-0.799989
-0.182250
0.450160
0.614335
-0.288180
0.349833
0.257143
-0.089433
0.437934
0.268711
0.092185
-0.036039
-0.337512
0.109498
-0.650164
-0.291169
0.411014
0.312136
0.529199
0.078495
-0.197513
-0.682920
-0.813579
0.002271
0.326058
0.754070
0.315597
-0.177931
0.957130
0.113802
0.235901
-0.493471
-0.238552
0.081749
-0.166261
-0.166480
-0.566518
-0.629179
-2.062170
-1.518959
-0.860261
-0.162164
-0.429751
-0.893627
-0.802659
-1.277764
-0.990057
-0.949560
-0.259751
-0.322717
-0.603015
-0.558138
-1.166469
-0.537196
-0.650914
-0.482152
-0.286606
0.270963
-0.237356
-0.618058
-0.018558
-0.354949
-0.601268
0.137254
-0.022147
-0.500766
-0.849506
-0.674031
-0.184564
-0.578386
0.199572
-0.114361
-0.510212
-0.478467
-0.917398
0.058479
0.153146
0.240801
0.128475
-0.137099
0.533415
0.020868
0.138880
-0.286416
-0.945390
-1.296522
-0.528048
0.371780
-0.153498
-0.192576
-1.056254
-0.961753
-0.226260
0.032891
0.953686
0.427706
0.559443
-0.776226
-0.611008
0.849948
0.408323
0.467355
0.395581
0.635728
-0.106991
-0.649392
-0.050590
0.329876
-0.132460
0.558727
0.194024
-0.201681
-0.275468
-0.088336
-0.140844
-0.172411
0.306913
0.649442
0.245112
0.559899
0.671063
0.178232
1.190788
1.022151
0.424267
-0.156471
-0.878778
-0.267441
-0.161669
-0.113064
-0.325359
-0.343344
-0.780444
-0.617707
0.098961
0.890237
1.002003
1.011795
0.732117
-0.242593
-0.781924
0.031873
0.717222
0.745063
0.156113
0.723023
-0.612133
-0.802195
0.029311
-0.042088
0.128166
-0.314146
0.415474
-0.186621
-0.194458
-0.088124
-0.133081
-0.015225
-0.298138
0.647688
-0.388400
-0.447531
-0.669503
-0.517878
-0.039400
-0.151653
0.519684
-0.441478
-0.099200
-0.406956
-0.495587
-0.191021
-0.137215
0.068910
-0.109112
0.918296
0.488846
0.233719
0.371193
-0.836859
-0.450223
-0.357213
-0.058283
-0.071227
0.395526
0.921525
0.243050
1.011302
-0.618827
0.587756
0.958532
1.121720
2.091758
0.818533
1.888645
-0.404979
-0.053960
1.010059
1.505739
1.594216
0.484094
1.075485
-0.710804
0.582812
1.169798
1.398930
1.184902
0.867569
0.643544
-0.464313
0.774187
0.934269
1.027373
0.431751
-0.538690
0.433390
-0.372839
0.847417
0.691279
0.534047
0.608695
-0.004678
0.764458
0.581008
0.609096
1.318759
0.922170
-0.666620
-0.005554
0.211738
0.628019
-0.138797
0.353705
1.321592
-0.395155
0.017418
0.350723
0.062529
0.262820
1.191588
2.392469
0.348536
1.298571
1.499853
0.769453
0.640177
0.696181
0.797439
-0.151200
0.063222
0.783748
0.175866
-0.085817
-0.374578
-0.226452
0.040695
0.482128
0.879101
0.159311
-0.888372
-0.779747
-0.906641
-1.575760
-0.872527
-0.633325
-0.408428
-0.358634
-0.641983
-0.354492
-0.247449
-0.810881
-0.468493
-0.000639
-0.129960
-0.420545
-0.712969
-0.042553
-0.331528
-0.065472
-0.167344
-0.150637
0.042305
-0.490593
0.386172
-0.627702
0.031751
0.168531
-0.316840
-0.223521
-0.248127
0.463905
-0.483657
0.199122
-0.128545
-0.441813
-0.538717
-0.522398
-0.165949
-0.523824
0.305857
0.298814
-0.894984
-0.849831
-0.769446
-0.266313
-0.663843
0.077111
0.373977
-0.746241
-0.593407
-0.899774
-0.314941
-0.272733
-0.340109
-0.176915
-0.081511
0.016894
-0.763943
-0.662593
-0.029740
-0.210795
-0.208821
0.096535
0.109357
-0.410188
-0.594353
-0.775670
0.614712
0.019054
0.374360
0.195650
0.724502
0.467143
0.323216
0.218263
0.116875
0.402517
0.268349
0.735041
1.040544
0.324157
-0.127990
-0.159502
0.608737
0.454500
0.708951
1.041734
1.340338
0.214986
-0.202302
0.364989
0.664974
0.745836
0.694850
0.972253
0.367918
0.311707
-0.071658
-0.350750
0.065573
0.080831
0.458845
0.729196
0.593658
-0.295643
-0.209134
-0.169923
-0.506088
-0.450863
-0.353594
-0.690239
-0.792840
-0.384189
-0.238878
0.212581
0.030357
-0.629771
-0.880516
-0.233530
-0.707934
-1.685122
-0.575521
-0.311083
-0.659982
-0.361795
-0.004810
-0.341792
-1.314699
-1.672145
-1.596011
-1.069476
-0.489842
-0.006201
0.230945
-0.653239
-0.408528
-0.120872
-0.603035
-0.862349
-0.104712
0.363640
-0.830676
0.167474
0.157886
-0.218752
-0.905491
0.405825
1.196914
0.556252
0.537763
0.044539
0.536061
-0.374683
0.008801
0.408073
0.876505
1.681613
1.012391
1.009110
-0.130068
0.320633
-0.012481
0.111780
0.432376
0.367579
-0.062130
0.091960
0.832211
0.101596
0.324537
0.479303
1.050655
0.328505
0.380265
0.463955
0.231684
-0.208801
0.044273
-0.036994
0.378367
0.103881
0.022797
0.093737
-0.887158
-0.567364
-1.023472
-0.326105
0.054562
-0.105634
0.087404
-0.477137
-0.433298
-0.215917
-0.063353
0.015737
0.459865
0.387612
0.012895
-0.222363
-0.543890
-0.547244
-0.319824
-0.024330
-0.353246
0.001058
0.205773
-0.000428
-0.404426
0.256751
0.819086
0.016986
-0.132787
-0.065703
0.571065
0.513228
0.397662
0.411302
-0.121937
-0.239905
0.017376
0.274698
0.322189
0.261230
-0.101680
-0.533842
-0.145558
0.243542
0.010307
-0.190032
0.210466
-0.069346
-0.057200
-0.089001
-0.134020
-0.082384
-0.614791
0.337263
-0.305343
-0.492799
-0.725551
-0.466090
-0.458604
-0.217404
0.441155
-0.278231
-0.211408
-0.402994
-0.171943
0.025126
-0.183126
-0.352701
-0.604638
-0.502894
-0.517556
-0.099471
0.309908
0.068802
-0.034105
0.538087
-0.485588
0.229029
0.108650
-0.623170
-0.307104
-0.245988
0.257133
-0.995427
0.661781
-0.075105
-0.409194
-0.516368
-0.273671
0.869614
-0.410358
0.271708
0.653420
0.578802
-0.526453
0.095769
0.581869
0.017473
0.480164
0.645404
1.075110
-0.167628
0.531448
0.360485
0.063386
0.890510
0.607359
1.253921
0.231209
-0.365631
0.168818
-0.179667
0.173189
-0.195247
0.288226
-0.338974
-0.515878
0.424596
0.508195
0.374443
0.233045
0.667775
0.467850
0.246074
-0.121743
0.659330
0.236834
0.725188
0.725664
0.494881
0.683299
-0.135865
0.652864
-0.283535
0.340436
0.545759
0.332512
0.621320
0.031003
0.100117
0.715226
1.593612
1.321544
0.777996
0.613147
0.099903
0.064782
0.727391
-0.262989
-1.159491
-0.738581
0.808762
0.471276
0.240110
-0.244869
-0.671433
-1.076587
-0.934395
0.847795
0.310047
0.275648
0.338846
0.320370
0.186266
0.263245
0.386257
0.374972
0.150022
-0.031630
0.278064
0.008983
0.377640
0.780457
-0.886111
-0.361544
-0.301471
-0.675532
-0.028298
0.653359
-0.678977
-0.137215
-0.170096
-0.055364
-0.303057
0.046270
0.420924
-0.343267
-0.363314
-0.385758
-0.246456
-0.225175
-0.273048
-0.680691
-0.295380
-0.269177
-0.129271
-0.106874
0.396313
0.400085
0.457867
0.393550
-0.024881
0.665909
0.432245
0.281756
0.186124
0.263514
0.704212
0.219693
1.064226
0.691466
0.485653
0.221303
0.234069
0.442282
0.125208
0.780720
0.677649
0.806799
0.490641
0.951229
0.561151
0.443763
0.363399
0.915562
-0.110861
0.423220
0.472435
-0.309543
0.773575
0.786987
1.240032
0.582967
0.976803
0.894243
-0.182687
0.711301
1.200918
1.608022
1.226953
0.650074
1.196339
-0.050626
0.874920
1.114946
1.198709
0.548540
0.205841
0.587048
-0.062675
0.961680
0.632027
0.965091
0.441718
0.516353
0.908784
0.120516
1.081348
0.197484
0.426212
0.035524
-0.032576
0.034969
-0.023560
0.746076
0.612681
0.868078
0.335755
-0.206280
0.444343
0.003327
1.039109
1.196129
-0.478895
0.103529
-0.300281
-0.105804
0.458136
0.600045
0.724354
-0.160400
0.325961
-0.030495
0.212632
0.086797
0.360123
0.466351
0.769099
1.066177
0.270749
0.617358
-0.037940
0.153563
-0.128070
-0.278246
-0.434307
-0.615305
0.015636
0.159487
0.292066
-0.172741
-0.229935
-0.305551
0.005324
0.671046
0.563407
0.600461
-0.023201
0.020728
0.351149
0.411362
0.656426
-0.020745
1.073421
0.663217
0.084582
0.452469
0.641293
0.569957
0.422595
0.342801
-0.165992
0.232636
-0.106879
0.212407
0.741872
0.426972
0.714624
-0.891893
-1.018105
-0.390710
-1.160158
-1.206082
0.391752
0.294736
-1.650831
-0.059105
0.260400
0.062177
-2.125702
0.046406
0.497489
-2.054425
-0.989480
-0.524333
-0.320254
-1.587088
0.564980
-0.469901
-1.445732
-0.759704
-1.239134
-1.512966
-1.845569
0.057052
-0.864440
-0.659860
-1.079364
-1.429457
-0.136414
-1.712625
-0.618499
0.115887
-0.290480
0.158306
0.153059
0.856026
-0.030745
0.066655
-0.802360
-1.145071
0.267114
-0.737544
-1.214685
-1.122665
-0.680388
0.413526
-0.709636
0.742449
0.277985
0.362907
-0.502381
-0.298685
0.821792
-0.099551
-0.416062
-1.965441
-1.442367
-1.595123
-0.710390
0.875661
0.175077
0.183581
-0.643443
-0.678474
0.009344
-0.895617
0.593756
0.584567
0.376814
-0.378821
-0.678217
0.419418
-0.322570
0.690059
0.694307
0.617084
0.060040
-0.764074
-0.468178
-0.401307
0.207257
-0.060064
0.043476
-0.093755
-0.203887
0.011680
0.341492
-0.121401
-0.079943
-0.131299
-0.035246
-0.075210
-0.275001
-0.187107
0.157366
0.059344
-0.188432
-0.077413
-0.016413
-0.035562
-0.397711
0.170141
0.029236
-0.145845
-0.442909
-0.105960
-0.040683
-0.347725
0.187584
0.083145
0.045755
-0.219767
-0.036326
0.068589
-0.144759
-0.084884
-0.122411
-0.003968
-0.091290
0.037771
0.070626
-0.230393
-0.205702
-0.102638
-0.206465
-0.089943
-0.220668
-0.190303
-0.262293
0.014874
0.067236
0.137990
0.021247
-0.090395
-0.219389
-0.080271
-0.604696
-0.093850
0.700823
-0.033178
0.084860
0.159573
0.199794
-0.653446
-0.123437
1.377359
0.243183
-0.175781
-0.582581
-1.004666
-0.933019
0.325825
1.439712
0.708875
1.566751
0.463849
0.113171
-0.658109
0.146731
1.096248
1.173419
0.804325
-0.003719
-0.313721
-0.106525
-0.415250
-0.481872
-0.148461
-0.608732
-0.813208
-0.267517
0.279501
0.536403
0.059918
-0.134506
0.217354
-0.238361
-0.655274
0.382692
0.613851
-0.092188
0.375994
0.654691
0.039330
-0.595594
-0.361016
-0.141564
0.143624
-0.197772
0.509452
0.362592
-0.404974
-0.021356
0.223678
0.289589
-0.347333
-0.113400
0.125676
-0.391863
0.002666
0.337593
0.191496
0.111946
0.363000
0.305286
-0.045295
-0.189533
-0.148181
0.182182
0.103127
0.256734
0.362775
0.077188
0.292707
0.029867
0.071837
0.169321
-0.737689
-0.552276
-0.165388
0.145205
-0.564191
-0.225948
-0.344667
-0.390942
-0.484616
-0.242821
-0.444010
0.077754
0.179120
0.132752
0.369989
0.151634
-0.145138
-0.132228
-0.608015
-0.398093
0.400382
-0.223001
-0.226089
-0.225033
1.608650
-1.299473
-1.477900
0.021344
-0.387323
-1.321236
-0.363153
1.211743
-0.956034
-0.898151
-0.221604
0.280777
-0.832426
-0.297321
1.308403
-0.343566
-0.707183
-1.304355
0.512003
-0.032725
0.112863
0.710526
-0.033822
-0.758172
-1.511967
-0.491081
0.060177
0.214196
0.812913
0.681427
-0.210326
-0.968521
-0.608424
0.042287
0.345377
0.186935
0.507172
0.209398
-0.446922
-0.311353
0.074222
0.394668
-1.408436
0.284918
0.926381
1.248867
1.203784
0.754718
0.563368
-1.179368
-0.161914
-0.287155
-1.149659
0.043872
-0.538852
-0.265494
-0.669119
-0.354047
0.404206
-0.627416
-0.054782
-1.543639
-0.883222
-0.297903
0.113228
0.420923
0.681670
1.530907
-0.846588
-0.528299
-0.298800
0.670827
-0.084123
0.545581
0.865472
-0.340031
-0.581810
-0.475321
0.700742
0.357412
0.705436
0.426660
0.685031
-0.535089
0.372390
0.133142
0.459361
0.200219
0.169834
0.732017
0.333187
-0.447074
-0.334356
0.337008
0.088705
0.433964
-0.080123
0.311805
0.130805
0.528962
1.005961
2.106220
1.527958
1.557327
1.035038
0.204626
0.795891
0.194252
-0.408469
-0.192579
0.830925
0.065590
0.147413
1.212816
1.220036
1.051839
0.763966
1.129508
0.159437
-0.396107
-0.385300
0.457891
0.531367
0.805900
1.155417
0.553302
-0.450794
-0.139843
0.296085
-0.054464
0.498955
0.378951
0.307089
0.079588
0.069685
0.409386
0.079820
0.627008
0.421895
-0.135319
-0.824444
-1.015098
0.336259
-0.033640
0.221518
0.467731
0.464196
0.220891
0.869184
1.048725
2.092933
2.256791
1.944282
1.586804
1.353899
0.200520
-0.577246
0.210240
0.056353
0.503396
0.733965
1.582817
0.555008
0.138545
-0.415072
0.045307
0.842235
1.291290
1.886219
0.887372
0.740076
-0.025372
-0.554544
0.411357
1.124035
1.115740
0.898906
0.780993
-0.399266
0.136815
0.325980
1.113225
0.709930
0.820447
1.285331
0.640112
1.471187
1.443185
1.477912
0.512359
0.101493
-0.476808
-0.034732
0.257674
-0.175464
-0.034639
0.569713
0.125236
-0.604470
-0.004089
0.242962
-1.188710
-0.352901
0.336357
-0.050919
0.428520
0.002721
-0.104616
-0.006026
-0.111763
-0.292085
-0.215204
-0.077326
0.776181
-0.094860
0.268928
-0.246123
-0.479812
-0.349569
0.254142
0.019551
-0.436358
-0.434462
-0.102913
-0.235574
-0.185522
-0.049889
0.483479
0.412790
0.076915
0.336666
-0.312144
0.453762
0.241382
0.275399
0.316153
0.010493
-0.155745
-0.575551
0.090547
0.272899
0.510829
0.023838
0.290509
-1.400101
0.142380
0.612411
-0.574036
-0.846222
-0.922223
0.679119
0.033883
0.179817
0.456202
0.041913
0.277185
-0.366960
-0.089056
0.087053
0.030397
-0.041007
-0.477113
-0.483901
-0.678862
-0.798656
-0.054253
-0.145719
-0.242691
-0.233868
0.014982
-0.399984
0.216282
0.656257
-0.085014
-0.110172
-0.255494
-0.479513
-0.174229
0.134812
0.186894
0.212739
-0.310772
-0.485154
-0.459594
-0.032476
0.044877
0.194189
-0.303797
0.162624
0.420855
0.338993
0.491785
0.795309
0.546744
-0.450687
-0.250431
-0.246435
0.207560
-0.164846
0.477341
0.203674
-0.630076
-0.317755
-0.405558
-0.016001
-0.524406
-0.442027
-0.139917
0.308132
-0.011491
-0.060329
0.181722
0.167521
-0.191991
0.383922
0.257558
0.046453
0.896285
0.821838
1.053484
0.513628
0.676251
0.165213
-0.204739
0.548110
0.588934
0.805349
0.319717
0.438876
-0.320198
0.166608
0.303712
-0.044372
0.317959
0.110970
0.333100
1.048074
0.473387
0.153183
0.823985
0.706994
-0.408278
-0.044916
0.289176
0.239535
-0.694542
-0.021617
-0.182806
-0.040815
0.704849
0.000446
-0.594744
-1.838756
-1.509863
-0.107354
0.362332
0.695473
0.328444
-0.288019
-1.197142
-0.275189
0.067239
0.734038
0.612559
-0.080437
-0.250579
-0.992508
0.122194
0.275989
-0.050218
1.015953
-0.122769
0.193755
-0.043512
-0.155149
-0.339855
-0.188687
-0.012687
0.072497
-0.310086
-0.281099
-0.327333
-0.733381
-0.570009
-0.229060
0.407706
-0.467857
-0.544694
0.693952
0.184782
-1.389427
0.114762
0.569960
0.118495
-0.112068
0.630825
-0.879786
-1.428524
0.078867
0.583251
-0.353845
-0.086064
-0.062387
-0.346072
-1.527983
-0.175445
0.440292
-1.087491
-1.437399
-1.729353
-1.172390
-1.989272
-1.162761
0.573848
0.290830
-0.969321
-1.300825
-0.976613
-1.501284
-0.791335
0.639601
0.190710
-0.222275
-0.620987
-0.918164
-0.196007
0.408805
-0.119928
-0.467437
-0.412978
-0.374425
-0.507676
-0.310229
-0.481298
0.005725
0.273120
-0.640356
-1.507006
-0.974737
-0.392896
-0.156914
0.176765
0.951437
-0.537686
-0.058436
-0.081422
-0.447607
0.276217
0.655104
0.504229
0.271786
0.389719
-0.105888
0.534005
0.234476
-0.016885
-0.151152
0.206095
-0.412537
-0.402355
0.838552
0.249379
-1.037495
-0.842346
-0.549912
-0.992567
-1.006401
0.324141
0.450465
-1.130849
-0.784422
-0.641408
-1.063743
-1.137055
-0.474302
-0.265938
-0.178735
-0.668583
-0.345964
0.201392
0.619605
0.268436
0.049784
0.059771
-0.235262
-0.170728
-0.368982
0.040369
-0.233982
0.331416
0.132980
-0.035341
0.527449
-0.070820
0.329218
-0.090162
-0.266464
0.012239
0.045942
0.285353
0.255492
-0.002246
0.290549
-0.028479
-0.077967
0.069032
-0.315408
-0.438770
-0.550847
-0.135009
-0.483525
-0.082613
-0.186672
-0.200875
-0.379070
-0.478210
-0.447793
-0.404616
0.010812
-0.228039
-0.347526
-0.100793
0.344159
0.061127
0.143212
0.116289
-0.001129
-0.346542
-0.258994
0.042514
0.125514
-0.284715
0.177315
-0.478417
-0.584053
-0.370847
-0.384857
-0.006192
-0.311761
-0.278081
-0.161912
-0.263693
-0.409735
-0.763362
-0.303678
-0.185202
-0.149004
-0.230071
-0.068870
1.083230
0.362831
0.138553
0.057777
-0.330888
-0.745351
-0.388959
0.493334
0.013324
-0.210439
-0.080619
-0.353823
-0.247705
-0.097751
0.043486
-0.064113
-0.042629
0.295159
-0.138800
0.013993
0.007594
-0.127705
-0.343445
-0.256916
-0.112597
0.019539
0.337034
0.272618
0.415520
0.468768
0.539787
0.417495
-1.161279
-0.637509
-0.849195
-1.000235
0.096373
-0.335142
-0.705857
-0.369337
0.347238
0.269182
-0.863028
0.156225
0.047793
0.605366
-0.974820
0.038494
-0.473159
-0.295313
0.199879
-0.062815
0.633981
-1.035035
0.277291
0.868770
0.938099
1.193278
0.874539
1.022246
-0.910370
0.748704
0.368379
0.010307
-0.112758
1.151336
1.512732
-0.456703
1.015919
0.519877
0.294970
-0.259634
0.689163
0.828546
-0.250839
-0.065821
0.389745
1.046087
0.745774
1.238778
1.088601
-0.392978
-0.036442
-0.161512
-0.476819
-0.367447
-0.260795
-0.053634
-0.347250
0.110302
-0.178847
-0.240486
-0.607758
-0.237471
0.190297
-0.359808
-0.175674
-0.507595
-0.627704
-0.116388
-0.427464
0.150957
-0.366816
-0.225378
-0.170014
0.178201
0.477501
0.246050
0.017945
-0.142456
0.019934
0.031653
-0.085347
-0.096380
-0.064980
-0.024468
-0.174487
-0.135661
-0.198561
-0.118739
-0.112144
-0.024420
0.132802
-0.463672
-0.024803
-0.267333
-0.211762
-0.338917
-0.359649
-0.150617
-0.305664
-0.216810
0.362060
-0.079245
-0.100407
0.256399
0.020755
-0.146346
-0.755330
-0.552227
-0.262660
0.202237
0.143178
-0.050193
-0.527947
-0.352704
-0.325693
0.597610
0.208728
-0.450881
-0.369756
-0.657120
-0.644808
-0.074329
0.192308
0.131046
-0.751514
-0.169198
-0.690731
-0.347764
-0.657149
-0.193299
0.180534
-0.310994
-0.191986
-0.671317
-0.837441
-0.615158
0.370317
0.511759
-0.277912
-0.213221
0.227122
-0.175266
-0.409264
-0.209952
0.160974
-0.404290
0.130667
0.437639
0.106940
-0.024476
0.005853
0.175145
0.059225
0.542670
0.333992
0.357347
0.202917
-0.716093
-0.797560
-0.178392
0.038388
0.217748
0.435527
0.657774
-0.648298
-0.556946
-0.223926
0.109304
0.183123
0.272664
0.606084
0.014740
0.202266
0.031417
-0.138524
-0.228487
0.460420
0.458824
0.548368
0.582149
0.153302
-0.078417
-0.011544
0.575454
0.265948
0.317948
0.233194
0.305677
0.486023
-0.147277
0.305345
0.267564
0.178232
0.116893
0.055456
0.444314
-0.606797
-0.226983
0.139545
-0.443914
0.355386
0.089304
0.240585
0.477468
-0.640362
0.770661
0.087627
1.149414
0.069221
0.062260
-0.367555
0.057824
0.578707
0.621769
0.473127
1.470253
0.707203
0.154001
1.648978
0.289044
-0.678604
-1.198441
0.593947
0.233242
-0.451797
0.081705
0.802213
0.938918
0.830795
1.361925
0.333401
0.332183
-0.664333
0.385250
0.693767
-0.160589
-0.190444
-0.003046
-0.928621
-0.557806
-0.750222
-1.075084
-1.749421
-1.509074
-0.812780
-1.097862
-1.076400
-0.648865
-1.218817
-0.856960
-0.394377
0.297945
-0.323541
-0.001512
0.709455
0.056157
-0.206655
-0.638017
0.257889
-0.607161
0.263035
-0.084630
-0.780431
-0.453637
-0.656214
0.592253
-0.402893
0.304207
-0.121439
0.134045
0.112187
0.107357
0.693760
-0.267637
0.634048
0.504832
0.165429
-0.607350
-0.397668
0.442341
-0.049994
0.984026
0.973376
0.665944
0.399753
0.299811
0.735291
-0.515397
-0.052881
0.413932
0.442137
0.559457
0.540655
1.166401
0.443648
-0.168403
-0.276885
-0.100543
-0.187773
-0.258500
-0.202537
0.003546
-0.005209
-0.394243
-0.813639
-0.775865
0.034327
-0.657108
-0.002587
-0.282820
-0.759010
-0.839255
-0.731361
-0.394668
-0.756498
0.070285
-0.341927
-1.009172
-0.999111
-0.776401
-0.074110
-0.934590
0.213253
0.503684
0.056403
-0.018771
-0.242491
-0.005501
-0.547918
0.603217
0.277714
-0.009097
-0.185393
-0.212774
0.065849
-0.106896
0.296612
0.387367
0.001911
-0.176132
-0.526025
-0.405808
0.067746
-0.300938
0.057222
-0.189403
-0.379523
-0.365463
0.375324
-0.537140
-0.701887
-0.056481
0.347546
1.470485
1.053242
0.766831
0.621130
-0.418931
-0.405358
-0.237565
0.473684
0.286599
0.330732
0.195968
-0.211554
0.211320
-0.111413
-0.390659
-0.050363
-0.359958
0.269323
-0.165400
0.005462
0.346703
-0.194572
-0.395193
-0.338971
0.453350
-0.706857
-0.672846
-0.497136
-0.046021
-0.248757
-0.300810
0.009759
-0.684679
-0.599320
-0.242516
0.590186
0.271746
0.047058
0.343098
0.412779
-0.210706
0.448612
-0.024227
-0.719616
-0.372884
-0.361764
0.274511
-0.827320
-0.906918
-0.763688
-0.902193
-0.508940
-0.650212
-0.019815
-0.346453
-1.044016
-0.226002
-0.169118
0.242304
0.241930
-0.147417
-0.155420
-0.514610
-0.005208
-0.069339
0.090848
0.068606
-0.402862
-0.407553
-0.193751
0.476041
0.475288
0.021141
0.061610
0.256717
-0.029865
-0.136166
-0.027851
-0.534245
-0.689665
-0.696324
0.697519
0.821536
0.304005
0.612881
-0.039620
-0.129553
-0.630908
0.108519
0.990912
1.044145
1.208128
0.248597
0.192361
0.851222
-0.012327
0.333173
0.432954
0.461490
-0.564878
-0.555873
-0.133287
0.494568
0.503997
0.370401
0.652334
-0.219983
-0.046416
0.424107
0.535142
0.914722
1.529521
1.521079
0.915123
0.714557
0.978512
0.694145
0.681473
1.348834
1.926702
1.193312
0.398568
-0.048045
-0.316433
-0.432810
-0.229886
0.430961
0.747932
-0.446290
-0.335658
-0.356577
-0.306601
-0.117144
-0.253816
-0.057200
-0.266698
-0.741921
0.244573
0.948029
0.222562
0.179119
0.145783
-0.146090
0.366293
0.231461
0.485721
0.528714
0.158845
0.191334
0.228706
-0.138822
0.327335
1.217512
0.922420
0.459568
-0.053535
0.818396
0.217522
0.331964
0.998195
0.647351
0.396791
0.297761
1.185675
0.450491
0.328351
0.348656
0.902893
0.693140
0.974008
0.845315
0.096190
0.106899
-0.111161
0.104602
0.496105
0.341475
0.386917
0.362058
0.205110
0.426590
0.941175
0.282261
0.084808
0.521397
0.709409
-0.766627
-0.579583
-0.925048
0.342797
0.060461
-0.281358
-0.661389
-0.847778
-0.354320
-0.834238
-0.398359
-0.480567
-0.016449
-0.433122
-0.604010
0.191423
-0.725197
-0.787538
-1.118546
0.371540
0.155239
-0.594690
-0.600328
-0.114580
-0.283619
0.289922
1.243586
0.239146
-0.470854
-0.785993
0.114836
0.543096
1.140639
0.517811
-0.081324
0.126271
-0.707417
-0.131738
-0.126442
0.063548
0.106301
-0.175183
0.847388
0.624447
1.059451
0.518759
0.288511
0.355777
-0.086785
0.189837
-0.244703
-0.642457
-0.175435
-0.325004
-0.401278
-0.541614
0.090827
0.291687
0.135722
-0.211383
-0.345355
-0.339975
-0.007340
-0.064158
-0.114297
-0.036432
-0.113175
0.186447
-0.954439
0.067291
0.033711
-0.177759
-0.005703
-0.134625
0.305106
-0.548621
0.107423
0.174821
0.101932
0.026889
0.324539
0.675908
0.234368
0.466590
0.243471
0.167314
0.095746
0.453794
0.693706
0.781879
0.514529
0.530886
0.250522
0.573802
0.592902
0.248585
0.718100
0.594529
0.327560
0.299926
0.630699
1.059509
0.834542
-0.377322
-0.012716
-0.101955
-0.295796
-0.269014
-0.199530
-0.149031
-0.276229
-0.456799
-0.626860
-0.321253
-0.154928
-0.756264
-0.220449
-0.373099
-0.365204
-0.565316
-0.109598
0.100579
-0.107177
-0.260706
-0.060432
-0.701726
-0.442142
-0.085976
-0.144677
0.289510
-0.278418
0.036905
-0.729089
0.256671
0.409796
0.179545
0.166373
-0.133464
0.295852
-0.317410
0.118782
0.352519
0.000036
0.266795
0.184929
0.262985
-0.031068
0.134960
-0.087152
0.243572
-0.068346
-0.195820
-0.646357
-0.462388
-0.475755
-0.568442
0.103710
0.408167
-0.066009
-0.957452
-0.755936
-0.302249
-0.347659
-0.976416
0.321390
0.147702
-0.166097
0.325135
-0.574044
-0.485068
-0.547737
0.679476
-0.165085
-0.750355
-1.084265
-0.675759
-0.135278
-0.796614
0.334315
-0.575203
-1.292541
-1.009848
-1.179316
-1.036189
-0.518385
-0.282818
-0.215811
-0.042726
0.174908
-1.081496
-1.483863
-1.275605
-0.322590
0.247840
-0.193010
-0.316740
0.102363
0.189724
-0.353154
-0.219728
-0.356859
-0.798051
-0.417205
0.045741
2.044509
0.614357
0.910933
-0.027546
0.380364
-0.206582
-0.348212
0.676538
-1.189242
-1.092057
-0.654021
-0.741831
-0.681701
-0.002820
0.472607
-0.283957
-0.453864
-0.208311
-0.172400
-0.336343
0.053045
0.664026
0.166062
0.247055
-0.366904
-0.451093
0.026924
-0.229251
-0.248226
0.219895
0.984822
0.235671
0.206458
0.500720
-0.023413
-0.415890
-0.266636
0.393359
-0.170683
-0.238410
0.124646
0.570185
1.468138
1.989485
2.468240
1.459331
2.138722
1.206994
0.615574
-0.312905
0.143481
1.527604
0.492404
0.668688
0.338077
1.338806
-0.291165
0.166370
1.237565
0.910858
-0.668001
-0.130144
0.641954
-0.756866
0.619187
1.067055
1.140365
-0.323457
0.396551
0.133886
-0.779510
0.702973
0.506815
0.494715
0.212265
-0.009343
0.253565
-0.287600
0.413280
0.404993
0.697336
0.441935
-0.587815
0.124922
1.060071
0.972603
1.406189
1.649202
1.470233
0.666282
-0.350409
-0.118570
-0.331278
-0.814415
-0.944251
-1.145150
0.662769
-0.243260
-0.327060
-0.012111
-1.422213
-1.012704
-0.657837
0.637877
0.616586
-0.570882
0.562207
-0.267095
0.328538
-0.302041
0.976315
0.992096
0.638690
2.116458
1.344542
0.327288
0.229321
1.368473
1.090674
0.580109
1.205399
0.944992
0.756797
1.013746
0.985675
0.215558
-0.072740
0.590057
0.944022
0.708155
0.717775
1.197575
0.367495
0.129301
0.532376
0.402106
-0.389021
-0.104424
0.368374
-0.354191
-0.354559
-0.836552
-0.769002
-0.231168
-0.906116
-0.098342
-0.961692
-0.137768
0.184457
0.022972
-0.054502
-0.141586
0.220679
-0.880898
-0.485865
0.372669
0.324675
0.459137
0.123004
-0.290689
-1.117693
-0.682508
-0.122145
-0.198965
0.232107
-0.018068
-0.309829
-0.988019
-0.259478
-0.173080
-0.373179
0.230938
0.379205
-0.079046
-0.745341
-0.177854
-0.316442
0.283838
0.641742
1.322826
0.242312
-0.070701
-0.392598
-0.515826
0.820708
0.731747
1.525704
1.168641
-0.329299
-0.640524
-0.048561
-1.077298
-1.706808
-0.950623
-0.343079
0.219905
-0.320949
0.255551
-0.030316
-1.097284
-1.234635
-0.721573
-0.262447
-1.094906
0.308592
0.380622
-0.213674
-0.855995
-0.964554
-0.653080
-0.021514
0.432359
1.027674
0.293425
0.043506
-0.679622
-0.732343
-0.373480
0.524252
0.329926
0.507532
0.256131
-0.420218
-0.294557
-0.145794
-0.330139
-0.242909
0.244851
-0.114520
-0.380739
0.216022
0.049430
-0.244630
-0.899435
0.087543
-0.283425
-0.203854
0.127448
0.066642
0.207155
0.608696
0.391458
-0.359444
0.022909
0.398088
-0.162112
0.312676
0.339385
0.660340
1.075314
0.795980
0.042381
-0.222154
0.407335
-0.278854
-0.098916
1.382365
0.241071
0.268647
-0.306428
-0.936251
-0.408153
-0.188840
0.849735
-0.414104
-0.165949
-0.298869
-0.742030
-0.904264
-0.159675
0.205917
-0.160262
-0.587088
-0.355647
-0.199586
-0.625559
-0.236821
0.416586
0.011786
-0.514879
-0.459736
-0.324715
-0.269932
-0.166377
0.006081
-0.324108
-0.522731
-0.990743
-0.910573
-1.292177
-1.365716
-0.270793
-1.684311
-0.522195
0.613989
0.225944
0.239873
0.124217
0.761445
-0.431014
0.338619
0.136441
-0.020694
0.414031
0.349830
0.066356
-0.198936
0.020727
-0.193067
0.425765
0.381881
1.410853
0.337062
0.550489
0.050661
0.539149
0.738791
1.202468
0.749539
-0.586584
0.250482
-0.605555
0.067291
-0.173019
-0.058851
-0.702192
-0.905935
-0.717648
0.261711
0.570536
0.463429
-0.251476
-0.614215
0.168849
-0.092418
-0.409293
0.044373
0.064598
-0.039374
0.701010
0.448963
-0.020469
-0.030882
0.262429
0.659492
0.007235
0.485675
0.366255
0.173505
0.017808
0.656336
0.869569
-0.121958
0.325296
0.724537
0.430508
0.318496
0.912138
-0.414761
0.218045
-0.420268
0.344611
0.281515
0.549152
0.921099
0.109301
-0.483833
-0.842029
0.087836
0.117518
0.162904
0.844411
0.619100
0.358965
0.456470
0.699078
0.605586
-0.704780
-0.620885
-0.324922
-0.340293
-0.642985
-0.742609
-0.720758
-0.353194
-0.378373
-1.283623
-1.055806
-0.275718
-0.520938
-0.200181
-0.526339
-0.981101
-1.193753
-1.449417
-1.173789
-1.354298
-0.683948
-0.204219
-0.724725
-0.911240
-0.876174
-0.767058
-0.847071
-0.100680
0.255899
-0.591744
-0.783988
0.079129
0.283769
-0.883523
-0.067049
0.361132
-0.116699
-0.986260
-0.919579
-0.271064
-0.145422
0.398828
0.457418
0.615954
0.555635
0.437127
0.688491
1.400038
0.899986
0.277794
0.343165
0.645537
0.980584
0.315627
0.853563
0.203256
-0.453861
-0.792807
-1.066823
-0.759029
-0.416021
-1.021568
-0.347255
-0.454045
-0.475072
-0.416215
-0.866753
0.008314
-0.579199
0.039315
-0.233237
-0.495107
-0.706839
-0.460935
-0.275115
-0.284429
-0.263505
-0.333478
-0.396582
-0.308044
-0.181894
-0.135472
0.032289
0.647010
-0.179855
0.203761
0.217823
0.451242
0.259024
-0.301350
0.647558
-0.241980
0.104614
-0.220959
0.331261
0.343891
0.110090
0.396471
-0.140947
-0.000562
-0.210793
-0.358327
-0.254879
-0.242319
-0.261624
1.102774
1.551888
1.307128
0.837309
0.603081
0.369371
1.276204
1.496951
0.962461
1.100135
0.256534
-0.109344
0.719715
0.525953
1.738351
1.647723
1.922016
0.917536
-0.099872
1.479696
0.608079
0.996785
0.128191
0.885066
0.468639
0.378082
0.659511
0.986150
0.710517
0.182010
1.141619
0.553446
1.318282
0.069885
0.356498
0.393083
-0.214221
0.950682
0.525058
0.737209
0.253293
-0.122165
0.293599
0.391524
0.607169
-0.394314
-0.380780
-0.136292
0.224626
0.669722
0.366668
0.591386
0.090872
0.449629
0.672910
0.390319
0.119499
0.205674
0.606639
-0.038599
0.480678
0.465191
0.464094
-0.059936
-0.068344
-0.730653
-1.192726
-0.662511
-0.227421
0.013569
-0.234730
0.638709
0.275028
-0.606530
-0.158137
0.645708
-0.450916
0.100547
0.262405
0.341682
0.234173
0.223314
0.666897
-0.178636
0.191955
0.523918
-0.016954
-0.280260
-0.587694
0.376521
0.309181
0.141560
-0.030372
-0.241285
0.368851
-0.170131
0.957013
0.512275
0.390477
0.506508
0.047551
0.339817
0.355200
-0.253545
0.072864
0.370612
0.422096
0.638111
0.532192
-0.089071
0.205623
0.118975
0.306171
0.578494
0.407538
1.138715
0.497325
0.723342
0.251300
0.223167
0.786452
1.615202
1.725833
0.739983
0.946015
-0.083456
-0.130033
0.072977
1.086605
0.708062
0.455287
0.039843
-0.497107
-0.281842
-0.492848
-0.365866
-0.206040
0.166208
0.138404
0.467225
1.012153
0.262938
0.525585
1.142179
1.037956
0.926402
0.882749
0.498426
-0.203344
-0.477239
0.591900
-0.145177
-0.471868
-0.074785
0.179283
-1.106393
-1.757446
-0.806440
-0.738300
-0.465570
-0.027550
-0.022680
-0.850732
-1.040342
-1.358006
-1.364641
-0.540207
-0.217652
0.051943
-0.788694
-0.102411
0.271339
-0.717295
-0.203583
-0.564619
-0.084375
-0.586979
-0.455598
-0.593765
-0.822814
-0.447487
-0.813029
0.465804
-0.070967
0.042228
-0.208675
0.142065
-0.136411
-0.114599
1.095806
0.411280
-0.124431
-0.528560
-0.067999
-0.321869
-0.388474
0.275599
-0.252808
-0.345966
-0.342881
-0.029196
0.175051
0.392750
-0.747548
0.378115
0.347185
0.545717
0.431317
-0.694044
-0.397390
-0.985669
0.202317
-0.207180
-0.727386
-0.224941
-0.473397
-0.516770
-0.221994
1.007241
0.372560
0.138285
0.321157
0.012094
-0.590766
-0.217712
0.576827
0.079582
-0.161783
-0.242086
-0.598597
-0.576874
0.201160
0.070677
-0.022137
0.428406
-0.269516
-0.793590
-0.303628
0.131809
-0.321879
-0.260104
-0.069841
-0.597263
-0.342522
-0.429499
0.659314
0.530082
0.317357
0.142939
0.264795
-0.001742
-0.163539
0.019611
0.347062
0.801250
-0.125008
0.705917
1.110030
0.080052
-0.067819
0.461189
0.802132
-0.682422
0.061552
0.427228
-0.223227
-0.322529
-0.121160
-0.736018
-1.267722
-1.185095
-0.433413
-0.389709
-0.860086
-1.046176
-1.013584
-0.497871
-0.434725
-0.720337
-0.705468
-0.898501
-1.017393
-0.469507
-0.225642
-0.359072
-1.151712
-0.620517
-0.554263
-0.711498
-1.427173
-1.355572
-1.180390
-1.692177
-0.848994
-0.265609
0.531350
2.457441
2.318249
1.253940
0.808759
0.750330
0.586468
-0.526206
0.095782
0.605463
0.060329
-0.779006
0.122216
1.458836
-0.874097
0.336808
-1.058826
-0.882816
-1.636213
0.324804
0.028257
-1.114679
0.392190
0.459738
-1.156962
-2.269149
-0.429613
-0.579526
-1.012782
-0.085889
-0.295886
-0.862517
-1.355566
-0.692190
0.106813
-0.561124
-1.287894
-1.107185
-0.389265
-1.086002
-1.018555
-0.813958
0.572641
-0.429828
-0.318960
0.806668
-0.226548
-0.579270
0.295147
0.742325
0.173679
-0.352368
0.608382
0.786293
0.920784
-0.249039
0.066596
0.005918
0.674429
1.448587
0.219932
0.095640
-0.874554
0.737787
1.211765
2.312495
1.232005
1.858101
0.700518
-0.145280
1.016435
0.378998
1.434652
0.703990
0.581517
0.308584
-0.504901
0.151540
0.076082
0.641119
-0.288875
0.060554
0.604542
-1.166455
-0.561808
-0.164345
0.176831
-0.178227
-0.377878
-0.124597
-0.421764
0.352684
0.241683
0.381038
0.664740
0.245080
0.080473
-0.177726
0.106193
-0.086681
0.167331
0.090716
0.126958
0.168866
-0.420096
-0.551869
-0.700784
-0.507381
-0.330017
-0.384987
0.144524
-0.309113
-0.258441
-0.483952
-0.741113
-0.540613
-0.706973
0.085869
-0.334604
0.236193
0.139280
-0.092234
-0.317489
-0.976799
-0.304941
-0.243216
-0.403896
-0.449033
-0.203260
-0.226208
-0.670660
-0.207920
-0.021145
-0.324922
-0.397852
-0.246999
0.011591
-0.266667
-0.173843
-0.050011
-0.069815
-0.059396
-0.117640
-0.040926
-0.335567
-0.135719
-0.820382
-0.752679
0.980104
0.894461
0.161695
1.059198
0.104138
0.841473
0.579082
1.922620
2.607405
1.466119
1.660860
0.832904
2.021627
1.419176
0.477016
1.621321
0.287547
0.790350
0.733607
1.765676
0.645247
0.251374
1.831642
0.063136
0.843230
1.558660
1.758386
0.025126
0.579218
0.607080
0.161119
0.326822
0.821886
1.439010
0.750928
1.346542
0.602989
0.553981
-0.146748
0.425623
0.492344
-0.008433
0.107036
0.949644
1.291709
1.095692
0.198443
0.022533
-0.971278
-0.780917
-1.170278
-0.985364
-0.723200
-0.059766
-0.373050
-0.661342
-0.867950
-0.513781
-0.560158
-1.271566
-1.089562
-0.297486
-0.613741
-0.417933
0.911140
0.034519
-0.065750
-0.631878
-0.364964
-0.043490
-0.837405
-0.271600
-0.704858
-0.498667
-0.687755
0.413443
0.273970
-0.521288
-0.623877
-1.118027
-0.787032
-0.587688
0.442480
0.118957
0.069731
0.100257
-0.346950
-0.246317
-0.063899
0.285434
0.291685
-0.259295
-0.414583
-0.695001
-0.230936
0.090871
0.822908
-0.665205
-0.331698
-0.651391
-0.953075
-0.317460
0.111820
0.390430
-1.023708
-0.720217
-0.226784
-0.814671
-0.424128
-0.355297
0.444365
-0.942898
-0.616012
-0.198475
-0.555705
-0.447761
-0.332742
-0.209180
-0.352040
-0.559804
0.075998
-0.714750
-1.397793
-1.008405
-0.030049
-0.910000
-0.258119
0.081300
-0.542090
-1.074872
-0.614368
0.413423
0.162388
0.598459
0.387168
0.323879
-1.410344
-0.732519
0.157207
0.790445
0.760469
1.192130
1.046553
0.770022
-0.084692
-0.577231
-0.440851
0.299073
-0.551502
-0.646475
0.101590
0.037011
-0.106122
0.129941
1.012461
0.768971
0.390023
0.154101
-0.147863
0.505917
0.492714
0.597104
1.251091
0.901593
-0.254586
-0.448354
0.101487
0.438728
0.165584
0.878507
0.305130
-0.774266
0.059526
0.081129
-0.020337
-0.494322
-0.398731
-0.448986
-0.797845
0.217503
0.162039
0.438786
-0.305952
-0.267305
0.232908
-0.298355
0.338460
-0.133473
-0.128528
-0.096081
-0.092623
-0.009968
-0.179990
-0.361267
-0.255004
1.589071
1.674606
1.279417
1.063340
0.828962
0.291334
-0.603584
1.097370
1.986451
1.617537
1.661187
1.471209
0.461229
-0.514758
0.468376
0.396795
0.438821
0.400577
0.501453
0.417248
-0.188943
0.506445
0.383396
-0.354435
-0.837851
-0.625922
-0.260111
-0.067856
0.151530
-0.098166
-0.234760
-0.692907
-0.921929
-0.337963
-0.664831
-0.237356
-0.492334
-0.636723
-0.717549
-0.936788
-0.534688
-0.897841
-0.529748
-0.482728
-0.320440
-0.183916
-0.546816
-0.609266
-0.234446
0.033294
-0.249009
-0.471118
-0.495890
-0.567981
-0.799815
0.576234
0.641048
1.180430
0.300606
0.270223
0.115489
-0.787934
1.241064
1.254554
1.749000
0.764169
0.948665
1.351910
-0.137802
1.064764
0.696104
1.189536
1.515969
1.297477
0.922700
-0.348217
1.178541
0.693769
0.996166
0.773333
0.783628
0.571533
-0.711225
0.428763
-0.162030
-0.000916
0.171784
-0.075832
-0.050412
-0.575746
0.391622
-0.276701
0.324221
-0.102528
-0.068338
-0.200826
-0.122536
-0.151331
-0.788503
-0.412517
-0.205665
0.035612
0.055007
-0.623801
0.274335
-0.676419
-0.295658
-0.473215
-0.127417
-0.475093
-0.850981
0.590631
-0.501669
-0.422521
0.137984
0.299448
-0.218516
-0.398370
0.412750
-0.307956
-0.407262
-0.098570
0.274728
0.074284
0.015065
0.111892
0.335900
-0.316654
-0.187610
0.192841
0.102700
0.148179
0.138733
-0.140010
-0.089572
-0.160787
-0.360842
-0.076122
-0.412521
0.593585
0.459141
-0.024304
0.134076
-0.195920
0.462095
-0.035581
-0.856610
-0.073861
0.969249
0.137863
-0.283417
-0.120624
0.096683
0.050684
0.019333
0.913160
1.278049
0.380700
0.102558
-0.102103
0.497834
0.123227
-0.828622
0.284407
-0.931678
-0.578744
-0.313248
0.777225
-0.321022
-0.894185
0.006982
-0.840046
-0.472335
-0.428134
0.671042
-0.049184
-0.253422
0.152097
0.014699
-0.317529
-0.565137
0.456795
0.411689
0.495947
-0.249684
-0.688019
-0.880640
-1.127378
-0.179113
0.235862
0.607975
0.089795
0.008590
0.260706
-0.041688
-0.236617
-1.263624
-0.547928
-0.775303
-1.039907
0.083763
-0.448205
-0.410216
-0.619176
-0.656300
1.117728
-0.239893
0.309822
0.330569
-0.148460
-0.742346
-0.029913
2.205927
0.344147
-0.817749
-0.821481
-0.247617
0.100190
0.566009
2.330031
0.547300
0.859727
0.302585
0.048183
-0.093650
0.800987
0.871085
0.802234
1.231659
0.421047
0.899130
0.478426
1.132155
1.175254
1.277367
0.642411
-0.034565
1.152287
1.311359
1.186864
0.954167
1.513851
1.269768
-0.258766
0.614029
0.374038
-0.438469
-0.812041
-1.374392
-0.639557
-0.022888
1.607980
1.409799
0.522186
-0.711318
-0.557418
0.360112
0.419320
0.948857
0.404941
0.026127
-0.487921
0.207634
-0.012524
-0.234532
0.475828
0.239621
-0.309392
-1.346208
-0.340968
0.259060
-0.084438
0.121377
-0.123718
-0.806365
-1.163985
-1.589348
0.101760
0.313653
0.449212
0.722306
-0.068615
-0.322567
-0.920496
-0.406555
0.369511
0.497393
-0.184705
0.319585
-0.294541
-0.510138
-0.101385
0.642654
0.496791
1.123347
1.178033
1.458434
1.650224
1.033217
0.626858
0.097132
1.179946
1.294685
1.152377
0.979819
1.621668
1.180637
0.339219
0.312542
0.656130
-0.499787
0.514108
0.546100
0.496160
0.559574
-0.003176
1.070545
-0.232961
0.642652
-0.121586
-0.335128
0.725888
0.506993
0.281763
-0.607633
-0.053617
-0.639898
0.497257
0.345671
0.747368
0.404336
-1.069673
-0.975275
-0.036290
0.340508
0.234417
-0.406016
0.144843
0.084336
-0.350922
-0.250445
0.256258
0.115167
-1.291997
-0.862626
-1.961104
-0.880515
-0.458001
0.981164
0.909400
-1.052520
-2.013007
-2.555999
-1.366011
-1.443909
0.617065
1.501448
-1.214429
-2.135145
-1.485549
-1.479257
-2.429337
0.562547
1.417869
-1.161872
-1.991877
-0.824336
-0.775386
-1.781116
0.494809
0.476755
-0.584848
-0.354964
-0.078290
-1.235599
-1.809109
0.858458
0.384865
0.074804
0.805391
0.481537
-0.554583
-1.791078
0.371552
-0.373863
-0.591691
0.234846
-0.143574
-0.142341
-0.865783
-0.197826
0.029417
-0.709342
-0.179358
-0.310208
0.112834
1.243719
0.540968
0.197936
-0.889862
-0.890217
-1.289402
-1.215896
-0.712533
-0.411358
-0.171293
-0.773168
-0.132795
-0.079815
-0.809686
-0.871860
-0.675236
0.515846
-0.982982
-1.329786
-1.526261
-0.937253
-0.617886
-0.606181
0.601257
-0.710751
-0.027842
0.235589
0.365507
-0.625899
-0.894562
0.891188
-0.175835
-0.250958
-0.515901
-0.951491
-1.073801
-1.324403
1.383260
2.662176
0.989426
-0.760388
-1.037787
-0.914410
-0.344155
0.061721
-0.269769
0.370409
2.159307
1.729677
0.961519
0.506752
-0.408865
-0.697144
0.010045
0.293094
0.205955
0.432148
0.219865
-0.204615
-0.688008
-0.057613
-0.634002
-0.584984
0.296527
0.168781
0.065964
-0.294704
0.692818
0.176328
-0.718333
0.035766
0.752568
-0.216741
-0.399545
0.246045
0.445679
-0.022133
-0.463408
0.809159
0.157821
-1.245803
-0.933945
-0.449966
0.157655
-1.159937
-0.230969
-0.226986
-0.290646
-1.063963
-1.122344
-0.183789
-0.835945
-0.236966
0.004382
-0.201330
0.060716
0.319645
0.809350
0.576113
0.907921
0.034881
-0.306284
-0.004827
0.168676
0.427878
-0.233089
0.558063
-0.140818
-0.362114
-0.458304
-0.677966
0.047395
-0.099449
0.846096
0.046578
-0.057908
0.153913
0.227321
0.285027
-0.131640
0.771883
0.203423
0.011072
-0.035496
0.180502
0.147518
0.072471
0.534299
0.277908
-0.015261
0.085337
0.100376
0.342077
0.131496
0.269262
-0.125949
0.010444
-0.112153
-0.561739
-0.607702
-0.557310
-0.211554
-0.362314
-0.192579
-0.619047
-0.090792
0.312116
-0.161092
0.253642
-0.036290
-0.155344
-0.892418
-1.841106
-0.371964
-0.961523
0.188453
0.788213
0.284052
0.043153
-2.065558
-0.412612
-0.649243
0.636856
0.419593
-0.228405
-0.863390
-0.920592
-0.388353
-0.572994
0.253035
0.213898
-0.296309
-1.733916
-1.144933
-0.084607
0.004765
0.407204
0.384186
0.414270
0.097076
-0.073594
-0.535555
0.280584
0.816869
0.271916
0.344406
0.207448
-0.031238
-0.652939
0.503069
0.984178
0.132545
0.017887
-0.790197
-0.743918
0.254252
-0.472826
1.036692
-0.834352
-0.101506
-0.625167
-0.384299
0.290183
-0.370515
0.727937
-1.046476
-0.919055
-0.933425
-0.373837
-0.209198
-1.257776
0.142609
-1.023093
-1.113525
-0.732567
0.121121
0.499082
-0.823749
0.004808
-0.949795
-0.189605
-0.546721
-0.010988
-0.543789
-0.159344
0.218505
-0.263382
0.359665
0.041367
-0.204194
-1.138417
-1.038886
-0.608252
0.337761
0.083922
0.216944
-0.295812
-0.265274
-0.639001
-0.057679
0.388547
0.146235
0.357021
-0.096208
-0.256631
0.753596
0.542467
0.487538
0.303484
0.845544
0.861344
0.462822
0.672541
0.582453
0.297779
0.129364
0.912406
1.069930
0.333129
-0.296891
-0.529659
-0.036341
-0.029787
0.074602
0.307361
-0.491300
-0.640698
-0.226271
-0.108319
-0.916287
0.055349
0.060224
-0.363109
-0.111656
0.160324
-0.332819
-0.835276
-0.453424
-0.330640
0.397539
0.096507
0.084154
0.276279
-0.542197
-0.845484
-0.468833
0.178339
-0.064161
-0.216224
-0.684715
-0.488000
-1.056533
-0.144275
-0.095202
-0.403751
-0.164307
-0.823453
-0.302231
-0.246380
0.591398
0.656926
0.005827
-0.030894
-0.520884
-0.635370
-0.071155
-0.067269
-0.171341
0.763674
0.124952
-0.082157
-0.345605
-0.363499
-0.781791
-1.233481
0.186303
0.550313
0.359153
-0.755586
-0.625829
-0.354753
-0.487102
0.373932
0.062676
0.370621
-1.050196
-0.535726
-0.055381
-0.425516
-0.447045
-0.399852
0.418095
0.088633
-0.537267
-0.746208
-0.654823
-1.050277
-0.458866
0.504380
-0.191898
0.182819
-0.150696
0.052829
-0.016241
0.300267
0.729108
-0.607390
-0.568358
-0.900385
-0.612601
-1.006505
-0.249176
0.484607
0.036533
-0.856267
-0.666224
-0.473511
-0.444835
0.039551
0.413296
-0.448496
-0.933825
-1.061712
-0.768747
-0.436849
0.059300
-0.072785
0.058385
-0.867942
-0.714832
-0.940031
-0.866806
0.017617
-0.234320
0.196842
-0.438561
-0.305664
-0.206057
-0.271145
-0.190357
-1.040118
-0.744578
-0.763654
-0.570420
-0.843950
-0.592724
-0.567203
1.423422
0.729339
0.932215
-0.124928
0.150601
0.553066
0.463522
1.373465
0.949585
1.232862
0.027827
0.408173
1.390345
0.941421
0.976531
1.450327
2.676323
1.956924
1.224603
2.019889
0.712289
-0.095300
0.080725
1.800592
1.462824
1.042965
1.810763
0.800967
-0.077903
0.901780
1.183619
-0.073389
0.138921
0.228177
-0.045029
-0.392815
0.315236
0.915292
-0.039478
1.198753
0.867274
0.794919
-1.299500
-0.745822
-0.246985
-0.067668
0.047813
0.378978
-0.708991
-0.166606
-0.008279
-0.453354
-0.412919
0.136543
0.793773
-0.348127
-0.659386
-0.106490
0.500958
-0.361551
0.411869
1.043737
-0.036441
-0.550455
0.121154
1.695994
0.792732
0.829222
1.124381
-0.170302
-0.638178
0.215797
0.837680
-0.569821
0.068541
1.433018
0.400171
-0.733209
-0.209964
1.302797
0.620658
1.357803
1.938393
0.096818
-0.194300
-0.731617
-1.022200
-0.742771
-0.143438
-0.670343
-1.093363
0.305132
1.003404
0.450466
-0.559994
-0.285968
-0.145525
-0.446146
-0.464502
-0.609589
-1.844506
-0.589602
-0.362332
-1.502183
-0.308845
-0.192729
-0.185559
-1.401250
-0.665258
-0.566760
-1.298446
-0.016520
-0.336847
-0.517492
-1.336350
-1.999016
-1.035146
-1.056084
0.094879
-0.618572
-0.683490
-0.448779
-0.233046
0.223412
-0.257305
0.323549
-0.855861
-0.427068
-0.209737
-0.162171
0.075600
-0.005343
0.500245
-0.424221
-0.090130
0.198463
0.642198
0.700363
1.140468
1.887391
-0.128741
-0.260254
-0.023458
0.355710
0.769120
0.327202
0.800180
-0.454551
-0.756465
0.446813
-0.160702
-0.155124
-0.197751
-0.455828
-0.817873
-0.862066
0.249225
-0.209229
0.346717
-0.202654
-0.413003
-0.601846
0.103210
-0.353435
0.025351
0.053733
0.071046
-0.289371
-0.656063
-0.255811
-0.959433
-0.371241
-0.937797
-0.787502
-0.268881
-0.432927
0.043707
-0.283897
0.240745
-0.416481
-0.721880
-0.131442
-0.453220
0.145085
0.014521
0.082861
-0.266934
-0.228773
-0.508505
-0.204655
-0.020376
-0.167819
0.438341
0.403461
0.342957
0.111287
-0.106225
-1.198377
-0.802316
0.070070
-0.671858
-0.277941
-0.220895
0.261545
0.411651
0.381367
0.270101
0.101835
-0.375079
0.087558
0.713397
0.832811
0.646967
0.002042
-0.013337
0.072632
0.066935
0.846310
0.646482
0.237910
0.683750
0.316946
0.641723
0.170640
0.441241
0.428438
0.223980
0.200185
-0.094030
-0.500193
-0.023691
0.090994
0.288664
0.614919
-0.496125
-0.478759
-1.177673
0.185683
0.481643
0.596433
0.344162
-0.766735
-0.330891
-0.827313
0.033712
0.520702
0.778780
-0.397664
-0.090404
0.369417
0.209754
0.784163
0.300031
0.753182
-0.217580
-0.958032
-0.520510
-0.595427
0.611804
0.719521
1.368906
0.144635
-1.149463
-0.717523
0.663945
0.946918
1.171474
0.883212
-0.449728
-1.641830
-1.125030
0.622000
0.509783
0.911348
-0.146854
0.219887
-0.295065
-0.419789
0.151199
0.420881
0.363105
-1.031272
-0.046072
-0.162718
-0.801755
-0.804864
0.403426
0.556372
0.257684
0.367943
-0.260025
-0.423280
-0.900409
0.056643
-1.036853
-0.281077
0.700275
-0.260325
0.131745
-0.408807
0.490794
-0.242502
-0.143150
0.336910
0.822074
1.157971
0.176921
0.304809
0.091450
-0.554585
-0.449315
0.086120
-0.421034
-1.384993
-0.651912
0.384553
0.493753
1.165992
1.488843
0.187510
-0.164573
-0.320016
0.441096
0.074102
0.793612
0.757967
1.261101
0.086375
0.235373
0.300531
0.019345
-0.003002
0.156815
0.500699
-0.379133
0.420538
0.119998
0.163441
0.058561
-0.318822
0.260469
-0.491616
-0.088345
-0.085811
0.077620
0.282627
-0.189450
0.165521
0.584737
-0.809393
0.262582
-0.630475
-0.445063
-0.572680
-0.087315
0.471160
0.637982
0.306452
-0.786606
-0.847839
-0.549772
0.160127
-0.472481
0.227340
0.003512
-0.579759
-0.148082
-0.441619
0.366259
-0.237711
0.320682
-0.011272
-0.568233
-0.172284
-0.401723
0.067830
0.079155
0.468895
0.022327
-0.218556
-0.286504
-0.730923
-0.765852
-0.205103
-0.180911
-0.060457
0.072070
0.082524
0.364296
0.027269
0.204451
0.325298
-0.822764
-0.253031
-0.341550
-0.263168
0.022328
-0.074002
-0.227869
-0.064155
0.159355
0.133744
0.183757
-0.191946
0.095746
-0.056890
0.216825
0.389454
-0.388182
-0.293195
-0.199479
0.070469
-0.110425
0.436803
0.354044
0.275749
0.726099
0.332067
0.356884
0.445733
0.696334
0.246799
-0.209184
-0.009627
0.022389
0.123289
1.037840
0.313700
-0.512717
-0.437773
0.335882
-0.045486
-0.102458
0.217993
0.178348
-0.022853
-0.091608
0.070371
-0.312356
0.111335
0.514114
-0.002368
-0.312073
-0.320870
-0.681917
-0.586540
0.040799
0.288960
-0.040013
0.049799
-1.002707
-0.663438
-0.746831
-0.182385
0.034236
-0.056054
-0.304015
-0.836950
-0.744492
-0.751582
-1.169057
-0.310050
-0.084665
-0.528829
-0.853309
-1.590154
-1.173729
-0.993598
-0.410262
0.343449
0.167098
-0.410259
-1.041811
-1.705842
-0.646267
-0.199096
0.318886
0.502566
0.584058
0.164278
0.040543
0.346187
-0.159389
-0.187912
-0.773686
-0.508496
-0.184704
-0.041090
0.295875
-0.069635
0.927215
0.042699
0.653570
0.191764
0.078328
0.256518
0.734098
0.731230
0.065061
0.453353
0.291989
0.674531
-0.257927
0.070310
0.800409
-0.171375
1.073221
0.196440
0.322561
0.145919
0.617409
0.384331
-0.387049
0.716650
0.790037
0.161788
0.702527
0.578815
-0.177502
-0.295942
0.546788
1.080636
0.288901
0.138797
-0.339048
-0.635879
-0.738291
-0.612521
-0.603203
-0.155292
-0.552395
-0.649319
0.314194
0.136128
-0.084330
-0.777236
0.230260
0.277053
-0.335283
-1.035979
-1.415385
-0.689816
-1.280071
-1.064073
-1.425665
-0.381561
-0.033828
-0.209975
0.292127
-0.969965
-0.319200
-0.288316
0.759316
-0.247615
0.226797
0.893099
1.912506
2.321877
1.699785
1.046069
0.088663
-0.514976
0.286643
0.494872
0.937276
0.647199
0.792234
-0.155328
-0.549881
-0.323911
0.368725
-0.198663
-0.281651
0.562697
-0.231736
0.171083
-0.454616
-0.378814
-0.077093
-0.041684
0.297228
-0.602474
0.514401
0.409526
0.197960
0.397358
0.951619
0.625386
-0.807013
-0.741852
-0.546099
-0.409272
0.062800
-1.463818
-0.273743
-0.519278
0.063498
0.093151
-0.413520
0.626915
-0.646562
-0.417804
-0.880864
0.861528
0.782388
0.698052
1.323765
0.336735
-0.177122
-0.639620
0.881724
1.330212
1.969137
1.320268
0.703489
-0.032061
-0.322924
0.130600
0.483890
1.204812
0.993957
0.630764
-0.307023
-0.301071
-0.268257
-0.160729
0.669131
0.554795
0.013083
0.204552
-0.307181
-0.083418
0.298615
-0.024285
-0.076053
-0.366582
-0.397040
0.104096
0.252545
-0.911732
-0.049500
-0.221815
0.150027
0.233538
0.780042
1.138387
0.499090
1.123487
1.415715
1.799493
1.384883
1.382763
1.655161
1.052635
0.847542
0.117384
2.831427
1.243226
1.381730
1.131966
0.586982
0.095084
0.634653
1.714894
0.399236
0.928744
-0.017973
0.363106
0.827019
1.106533
0.923604
0.520832
0.213698
-1.081713
-0.637184
0.196912
-0.463973
0.116199
1.174985
-0.688825
-0.853461
-0.333504
-0.265379
-0.871535
-1.086290
0.108904
-0.116139
-0.204079
-0.828775
-0.143325
-0.025889
-0.581992
0.047362
-0.359430
0.150448
-0.608650
-0.178646
0.293759
-0.257644
0.104767
-0.510975
0.355324
0.024292
0.098083
0.089000
0.420926
0.426654
-0.338798
0.684541
0.967848
0.721681
0.709214
0.246332
0.493800
-0.459850
0.296124
0.276876
0.426071
0.546395
0.252201
0.460600
-0.300268
0.214439
0.195119
0.729124
0.813113
0.707134
0.900907
-0.326664
-0.092224
0.118729
-0.079174
0.185117
-0.030434
-0.035218
-0.974854
0.739857
0.486399
0.414241
0.455949
0.551572
0.297688
-1.100407
0.332541
-1.026554
0.072227
0.382832
0.643328
0.994087
-0.744616
0.468800
-0.939527
-0.189329
-0.315496
-0.099626
0.616233
-0.245877
0.121409
-0.065291
0.506513
0.384074
0.439855
1.053376
-0.102439
-0.064432
0.011544
0.034347
-0.743572
0.146480
1.431992
0.188379
0.405684
-0.031612
0.097766
-0.601493
-0.241824
1.443938
0.316918
0.546326
0.267924
0.498152
-0.128303
0.074519
0.828444
0.104363
1.053301
0.526617
1.677048
0.986969
0.770899
0.546057
0.820789
0.993668
1.249248
2.336805
1.427969
0.372971
0.870042
1.252891
0.823754
1.174202
0.862608
1.630363
0.522834
1.332168
0.890020
0.815891
0.660782
0.764582
1.533193
0.890422
1.127035
0.543374
0.521233
0.784888
0.662963
0.771227
0.897997
1.162041
0.158157
0.386956
0.958968
0.525964
0.181786
0.488896
0.254118
-1.073589
-0.352381
0.051811
-0.390049
-0.266235
0.245314
0.041483
0.535433
0.080910
0.690510
0.902742
1.134788
0.175495
-0.567659
-0.476064
-1.077559
-0.400504
0.173325
-0.671315
-0.460059
-0.977223
-0.833096
-1.395887
-1.142001
-1.054168
-0.586355
0.272404
0.308890
-0.863366
-0.978256
0.877795
1.250620
0.491915
0.463440
0.053894
-0.434833
-0.525617
0.360926
0.286689
-0.221310
0.078669
-0.348983
-0.502744
-0.430392
-0.707033
0.001710
0.810695
1.084746
-0.144082
-0.062919
0.486957
-0.111456
0.267769
0.405062
0.234807
-0.372080
0.081005
0.169236
0.249242
0.940516
0.534060
0.795326
-0.132272
0.172545
-0.015011
0.994696
2.724969
2.089440
0.426203
-0.281767
0.594548
0.681191
1.244226
2.259226
1.066616
0.185164
-0.344533
1.232419
1.212945
0.994878
1.520722
0.883208
1.294254
0.333064
1.683406
1.166336
0.711065
0.926555
1.530182
1.045681
0.528182
1.052644
0.649279
0.320187
0.011426
1.078671
1.164957
0.263123
0.438677
0.491465
0.198103
0.373401
1.045048
1.295351
0.715385
0.417854
0.674727
0.919332
0.554746
0.436498
1.218084
0.192553
-0.304030
0.276439
-0.030430
-0.131704
0.047092
1.460152
0.599216
-0.119028
-0.314563
-0.874406
-0.527964
-0.673854
-0.030374
0.440248
-0.164510
-0.387401
-0.854422
-0.610918
-0.365687
-0.196556
0.302502
-0.501820
-0.408736
-0.803842
-0.445247
-0.100848
-0.033995
0.229001
-0.454464
-0.155931
-0.430921
-0.784808
-0.103070
-0.487550
-0.805173
-0.226781
-0.128495
-0.963196
-0.883865
-0.617194
-0.135322
-0.280578
-0.493475
-1.267923
-1.490672
-1.232070
-0.698111
-0.240657
-0.435591
-0.872325
-0.002894
-0.565221
0.076939
0.873974
0.117968
0.034827
0.019673
0.461445
0.264830
0.159048
0.570590
0.325876
-0.673247
0.172636
0.533540
-1.290150
-1.496334
-0.622698
-0.565670
0.150996
0.640634
1.179304
-0.851803
-0.792287
0.127893
0.373243
0.908364
0.742745
1.252512
0.416050
-0.470137
-0.693069
-0.041397
0.915698
-0.957082
-0.496749
-0.220777
-0.838118
-0.045874
0.329367
0.312939
0.795471
1.176026
1.680613
0.308962
0.735817
2.254627
0.695950
0.125243
-0.400905
0.141711
1.259159
1.305201
0.433466
-0.448321
0.882761
0.524921
0.727790
1.645338
1.847601
-0.460503
-1.165191
0.573195
0.506544
1.163264
0.649495
0.954838
0.707150
0.984133
0.531353
-0.167442
0.841269
0.530508
0.726766
0.594570
0.840059
0.158468
-0.787445
-0.010648
0.548451
1.318101
-0.044292
-0.698643
-0.617874
0.033693
-0.009861
-0.343275
0.207549
0.408393
0.075034
-0.003713
0.351293
0.815491
0.331073
0.285779
0.655577
0.258532
-0.534063
-0.069120
-0.355207
-0.686717
-0.964115
-0.490192
-0.427956
-0.235132
-0.003767
-0.000658
-0.774705
0.119162
-0.691410
-0.408339
-0.672896
-0.223385
0.029742
0.408371
0.670599
-0.886496
-0.833791
-0.826701
0.212779
0.462665
0.187290
-0.163462
-0.698702
-0.432590
-0.583691
0.135865
-0.128368
0.219983
0.483315
0.702866
0.348520
-0.853395
-0.807435
-0.129010
0.027243
0.196438
0.530840
0.352146
0.151233
0.383424
0.318582
0.764470
0.444107
0.210299
0.499601
0.217078
-0.380453
-0.408154
0.187157
0.287876
-0.202779
0.140824
0.173365
-0.319410
0.326357
0.054039
0.604992
-0.075040
0.053918
-0.276173
-0.854493
-0.806681
-0.650401
-0.402295
-0.427118
0.052425
-0.159639
0.068740
-0.114867
-0.325942
-0.283115
-0.253406
0.074520
0.316977
0.183197
0.228969
-0.082175
-0.170017
0.200645
-0.105553
-0.237566
-0.067077
-0.355167
-0.318437
0.280295
0.268038
0.369966
-0.321566
-0.823665
-1.326403
-0.165813
-0.616994
-1.993144
-0.582292
0.439969
-0.093114
0.165578
0.097215
-0.470737
-0.818817
0.093155
0.457275
0.153085
0.138275
0.448139
-0.110105
0.017249
0.149407
0.869961
0.227905
0.674447
1.134351
0.297527
0.670639
-0.341728
0.307181
-0.569602
0.108588
0.676356
0.817127
0.628454
-0.044418
0.621562
0.359493
0.149773
0.157495
-0.217182
-0.807273
-0.238387
-0.077461
0.353251
0.070063
-0.504583
-0.546413
-1.265938
-0.754183
0.088461
-0.469983
-0.186609
-0.936209
-0.648525
-0.070934
-0.366275
0.197717
-0.949830
0.034242
-0.716028
-0.536802
-0.352364
0.502860
-0.326015
-1.142731
-2.249427
-3.126117
-1.923425
-2.125900
-0.138399
-0.493366
-1.200439
-0.961630
-1.786999
0.751975
-0.892663
0.743266
-0.482496
-0.601765
-1.461187
-1.220974
-1.300640
-2.252233
0.336202
-0.887057
0.084092
-0.605170
-1.021340
-0.913931
-0.513254
0.857402
-0.118224
-0.651926
-0.384412
-0.322966
-1.073802
-0.363341
0.810514
0.596922
-0.860489
-1.135360
-2.297106
-1.265724
-0.590937
0.439817
-0.334419
-0.282693
0.077358
-1.430553
-0.607166
0.158644
0.430518
-0.093572
0.475420
1.849787
0.132451
0.158701
1.642638
0.360775
-0.639189
-0.640987
0.215282
0.911863
0.421957
1.227247
0.504650
-0.275831
-1.878147
-0.311828
0.289552
0.302633
0.248938
0.010518
-0.226931
-1.416935
-0.837952
-1.142412
-0.777069
-1.250631
-0.585300
0.819075
0.613972
0.135682
0.101090
0.629136
0.310163
0.753250
-0.076274
0.818672
-0.084248
0.318914
0.715581
1.152562
0.277507
-0.248797
-0.179050
-0.322555
0.616129
0.853135
1.197280
-0.013146
0.399051
0.305916
0.398026
0.430341
0.809517
0.661032
-0.153594
0.299808
0.360950
-0.189069
-0.615924
-0.137686
-0.575571
0.055208
-0.191697
-0.250065
-0.232816
-0.763899
-0.415182
-0.636809
0.131785
-0.405835
-0.457399
-0.727844
-0.987942
-0.778962
-0.639362
-0.067404
-0.090892
0.146464
0.303805
0.251807
0.040718
-0.194895
-0.294259
-0.605995
0.017545
0.392707
0.327511
1.086569
-0.085333
0.496660
0.092123
0.517335
0.256603
-0.394906
0.516187
0.029724
0.158210
-0.322767
0.471318
0.618049
1.355882
1.966790
-0.134334
0.099734
-0.594348
-0.193307
-0.510532
0.528570
1.811484
0.233794
0.418653
-1.022708
-0.438552
-0.639116
0.102549
0.344867
0.010893
0.539890
-0.675549
0.059534
-0.238024
-0.305019
-0.650273
-0.609687
-0.288259
-0.944836
-0.909350
-0.667400
-0.343148
-0.148544
-0.126622
-0.264715
-1.073882
-0.224924
-0.371331
-0.637755
-0.554232
0.011336
-0.414207
-0.833292
0.860774
0.337889
-0.556532
-0.329440
0.908531
0.252378
-0.298293
0.398867
-0.395199
-1.056868
-0.744889
-0.335538
-0.209589
-0.123498
-0.194697
-1.341690
-1.370785
-0.611371
-0.917886
-0.082559
-0.064319
0.123971
-1.027072
-0.374836
-1.013158
-0.300179
0.333022
0.341515
0.187636
-0.573365
-0.307826
-0.944330
-0.332479
-0.131057
0.150380
-0.089822
-0.896370
-1.160159
-1.480312
-0.639590
-0.594428
1.221594
0.796287
-0.645877
-0.911158
-0.670293
-0.531671
0.844435
1.162721
1.072699
-0.573618
-1.416907
-1.093141
-0.669935
-0.255572
0.085091
0.963129
0.444780
-0.938810
-0.795248
0.917995
-0.510260
-0.150183
1.199415
1.788960
1.207819
1.837127
2.275841
0.303525
-0.635565
-0.042812
0.681339
1.684506
2.368634
1.695090
0.401751
-0.264744
0.212598
0.332534
1.014030
0.137767
-0.112489
-0.417198
0.183504
-0.560150
-0.404172
-1.241165
-1.160737
-1.349864
-0.679451
0.242142
0.639370
0.827153
0.431514
0.709611
0.545204
0.331642
-0.069315
1.260153
0.774308
1.171318
0.261969
0.438864
0.223378
-0.695179
0.171294
0.259857
0.779937
-0.227667
0.799772
-0.180387
-0.614801
-0.079988
0.896597
1.129846
0.312735
0.648151
-0.173693
-0.391111
0.721788
0.361967
-0.214878
-0.317420
-0.813588
-0.294645
-0.660067
0.073704
0.474445
0.297641
0.687241
0.072367
0.453961
-0.412140
-0.707900
0.070410
0.062690
0.811962
0.583766
0.295430
-0.347289
-0.077039
0.032798
-1.002099
-0.758828
-1.446851
-1.441696
-0.091113
0.383794
0.783874
0.040620
0.823311
0.549276
-0.521371
-1.463203
-1.123089
-0.191073
0.691253
0.595023
1.104901
-0.175414
-1.401704
-2.220497
-1.478431
-1.101262
-1.428177
-1.008938
0.080645
-0.645711
0.073175
-0.140091
-1.617316
-2.093116
-1.256149
0.006638
-0.509945
0.758266
0.497597
-0.552986
-1.049486
-1.494065
-1.339378
-0.377415
-0.982401
-0.166562
-0.622833
0.191800
0.118850
-0.334556
-0.476514
-0.695210
0.485091
-0.747862
-0.506045
-0.026181
-0.456658
0.597122
-0.352449
1.104242
0.827585
0.752962
0.340261
0.021428
0.353283
-0.059198
1.534760
1.900261
1.346807
0.140611
-0.323082
0.407413
-0.400758
0.239225
0.344451
0.680080
0.509885
0.422824
0.366229
0.153519
0.456958
-0.443415
-0.178360
0.329322
0.240507
0.267237
-0.244416
0.474039
0.929106
1.017199
0.905513
-0.379893
-0.426870
-0.204736
0.146754
0.333491
0.399247
0.517958
-0.463111
-0.189726
-0.590474
-0.613396
-0.276915
-0.465656
-0.696489
-0.574553
-0.103050
-0.423778
0.185357
-0.276086
-0.456291
-0.452351
-0.065210
0.053789
-0.382898
0.389837
0.194746
0.014847
-0.046386
0.225017
-0.016534
-0.176812
0.420979
0.103421
0.162930
0.375102
0.084309
0.078431
0.028356
0.282713
0.032543
0.252758
0.121688
0.100695
0.363018
0.015358
0.207464
0.102076
-0.225723
0.033906
0.083158
0.485658
0.469469
0.422192
0.250905
0.330952
0.563670
0.710198
-0.189149
-0.556742
-0.149508
-0.367115
-0.673099
-0.861630
-0.259901
-0.499312
-0.423064
-0.269681
-0.235689
-0.112114
-0.538500
-0.570726
-0.411114
-0.379017
-0.140467
-0.616145
-0.448732
-0.537129
-0.540963
-0.626974
-0.337651
-0.316276
-0.062380
-0.041604
-0.474993
-0.795082
-0.616342
-0.118303
-0.428460
0.096043
-0.012291
-0.352358
-0.978823
-0.551482
0.052577
-0.301184
-0.291516
0.172073
-0.194470
-0.437772
-0.207559
-0.010549
0.142454
-0.151869
0.393438
-0.071191
0.009539
-0.424922
0.529714
1.434362
0.931145
0.848419
1.000292
-0.655722
-0.408271
0.122446
0.484703
0.617706
0.947258
1.744926
0.129426
-0.243153
0.512113
0.513922
1.017482
0.567634
1.041147
0.393754
-0.052987
0.782122
0.802122
0.912413
0.191242
0.062215
0.083687
-0.033038
0.334246
0.920552
0.541882
0.472402
0.235232
0.190319
0.613592
0.470337
0.257605
-0.265881
0.136242
0.099445
0.394066
0.403349
0.591883
0.425041
0.620924
0.128830
0.072302
-0.231766
-0.151434
0.042600
-0.119304
-0.367496
-0.384728
-0.114375
-0.016143
0.040695
0.296934
0.144360
-0.341240
-0.379880
0.016972
-0.165452
0.286823
0.626927
0.394959
0.158782
0.237766
0.132168
0.178038
0.084631
0.861750
0.450256
0.274440
0.060269
0.171355
0.353618
0.156972
0.668588
0.253623
-0.020543
-0.096075
-0.020687
0.299429
0.232329
0.183781
-0.068420
0.185459
0.395978
0.543274
0.751852
0.136719
-0.068290
-0.237008
0.158496
0.077852
0.214897
0.652716
1.044324
0.795354
1.007825
0.561305
-0.849847
-0.332726
-1.048010
0.517522
-0.047301
-0.328540
0.834827
-0.296398
0.249833
-0.292146
0.518063
-0.228439
0.005540
0.362007
-0.302864
-1.045544
-0.807046
0.716906
-0.227215
-0.653975
-1.163341
-1.031724
-0.901390
-0.077070
0.720023
0.153643
0.015464
-0.529302
-0.172827
0.147809
-0.047674
0.044340
-1.079049
0.272901
0.567394
0.950522
0.553592
-0.047065
-0.408038
-0.588595
-0.177920
-0.175761
-0.409037
-0.659109
-0.915781
-0.084774
0.246860
-0.441467
-0.447992
-0.226316
-0.718447
-0.016345
-0.217597
0.411433
0.360387
0.814300
0.946712
-0.442080
-0.789314
-0.722050
-0.334980
-0.075499
0.621301
1.410389
0.487414
-0.980828
-0.008512
0.203859
-0.134354
-0.274268
0.031895
-0.535160
-1.114259
0.308773
0.957478
-0.090572
-0.454368
-0.709452
-0.916676
-1.279916
-0.210819
-0.290414
-0.432683
0.676666
0.173651
-0.339156
-0.670314
-0.360805
-1.175461
-1.315570
-0.867666
-0.982801
-1.260469
-1.336883
-0.130274
0.383171
0.259081
-0.126696
-0.411084
0.029990
0.024887
-0.089632
0.606301
0.383456
0.359425
-0.050442
0.044309
-0.536764
-0.069928
0.578543
0.250852
0.834899
0.459163
0.250401
-0.307833
-0.160015
-0.310432
-0.233017
0.171591
-0.411785
-0.214757
-0.629096
0.461653
0.047113
-0.365358
-0.202230
-0.133964
-0.341434
-0.809020
0.738135
-0.109405
-0.563937
-0.515860
-0.330273
-0.124830
-0.668116
0.736397
0.226600
-0.477581
-0.849832
-0.659543
-0.718418
-0.224932
-0.378478
0.145621
0.685121
0.368944
0.093685
0.313949
0.300963
-0.605551
-0.308889
-0.617601
-0.645289
0.153131
0.075789
0.933623
-0.495908
-0.445433
-0.438997
-1.051156
-1.005902
-0.528072
0.848901
-0.400888
-1.166994
-1.126220
-0.597715
-1.161520
-0.339531
0.842846
-0.964039
-0.838431
-0.159109
-0.462878
-0.968297
-0.589830
0.525619
-1.094074
-0.519338
-0.651878
-0.302601
-0.276125
-1.312540
-0.179663
-0.243102
0.040330
0.365270
-0.278367
-0.023475
-0.296934
0.376925
1.358180
0.166824
-0.353964
0.298485
0.137861
-0.701372
-0.046234
1.019849
0.486593
0.196214
0.087628
-0.465465
-0.325261
-0.140524
0.672278
0.109274
-0.454419
0.294396
-0.334694
-0.499776
-0.716312
0.172779
-0.287220
-0.440005
0.857199
-0.176822
-0.544028
-1.004909
0.103737
-0.249068
0.150877
0.225566
-0.397384
-0.694080
-0.425955
-0.196538
-0.718267
-0.553504
0.155134
0.125290
-0.632325
0.173878
-0.456567
-0.855604
-0.534202
-0.867601
-0.220146
-0.606648
-0.190727
0.792753
0.412920
-0.009648
0.411458
0.074663
-0.399028
0.196977
0.177734
-0.156063
-0.685919
0.227924
0.066540
-0.079381
0.103685
-0.097823
0.084404
-0.242719
0.375055
0.132500
-0.061371
-0.195550
-0.109947
0.164618
-0.326521
-0.012729
-0.184299
0.095504
-0.316855
0.065927
0.020124
-0.042498
0.017564
0.193220
0.142568
-0.354824
0.067127
0.442741
0.126455
0.024231
0.222171
0.035547
-0.101501
-0.867944
-0.160054
0.095215
0.179279
-0.090749
-0.130162
-0.487964
-0.260146
-0.018162
-0.121101
-0.383610
0.328687
0.156078
0.296470
-1.051183
-0.299390
-0.100620
-1.119464
-0.544038
0.292063
-0.308612
-0.885406
0.220224
0.594641
-0.092428
-0.015809
0.700434
0.297148
-0.648077
0.147523
0.124718
-0.250046
-0.319106
0.468637
0.274342
-0.404548
-0.336094
0.609049
0.704131
0.651876
1.089439
0.149896
0.168545
-0.411812
0.096326
0.757928
0.157046
0.417750
-0.292509
0.447815
0.484385
0.366041
0.657232
0.002783
0.347654
-0.180403
1.439678
1.108693
0.589058
0.682090
0.358821
0.502569
0.825419
0.668900
0.414970
-0.686243
-0.773581
-0.882628
0.637276
0.404255
0.909652
0.949402
1.005572
0.133934
-0.174980
0.514761
0.971761
0.230894
-0.202279
0.357548
0.835073
0.595400
-0.148221
0.397351
-0.077731
0.193736
0.330129
0.697182
0.753169
-0.407167
0.198727
0.484857
1.357900
0.331901
-0.042372
0.578105
0.030019
0.475262
0.224697
0.773876
0.933547
0.479605
1.267178
0.947147
0.878339
1.237927
-0.516041
-0.836215
-0.879147
-0.489627
0.295374
0.575527
1.570693
-0.327349
-0.245699
-1.334957
-0.450525
0.066621
0.560732
1.212706
-0.506743
0.298420
-0.492419
0.175089
-0.441228
-0.173466
0.797598
0.167120
0.573175
0.279586
1.223596
1.194615
0.561899
0.467777
-0.008657
0.810710
0.535674
1.118167
0.979531
0.421043
1.023997
0.146002
-0.173823
0.042971
-0.152909
0.239820
0.603846
1.112821
1.212024
0.354510
0.018797
-0.145512
0.366980
0.300887
0.028395
0.400677
0.966958
0.933559
0.911230
0.965001
-0.241390
-0.906859
-0.484719
0.344445
-1.102219
0.003161
0.865727
0.343502
-0.447193
-0.839022
0.390498
-0.343859
0.525213
-0.031707
0.371504
-0.252866
-0.715735
-0.370636
-0.641486
-0.007967
0.100453
0.671655
-0.378876
-0.263663
0.440246
-0.210008
-0.378340
0.686272
0.948817
-0.869826
-0.747290
-0.099347
0.027873
-0.164317
0.110889
0.380873
-0.657534
-0.770688
-0.589853
-0.363001
-0.605210
-0.297628
0.162957
0.204842
0.817618
0.517779
0.305158
0.353578
0.686043
0.477884
0.921079
1.131278
-0.079634
-0.635441
-0.188167
0.922202
0.867864
1.555326
0.665271
-0.023253
-0.190862
-0.442680
0.439897
1.001298
1.149067
-0.972035
-1.005398
-1.525727
-0.701377
0.167832
1.486108
0.417918
-0.953559
-1.157108
-1.659522
-1.385037
-0.135872
0.468651
-0.141505
-0.649051
0.073906
-0.158822
-0.903592
-0.707357
-0.808982
-0.726109
-0.326550
-0.026245
-0.683512
-1.383966
-0.972506
-0.350917
-0.045156
0.143435
-0.220961
-0.710917
-0.955151
-0.324171
-0.080986
-0.186502
0.888938
0.377750
0.194877
0.253482
0.290081
0.068206
-0.109569
0.948098
0.658947
0.542910
0.182727
0.759822
-0.194240
-0.222809
0.539951
0.284154
0.231101
-0.276238
-0.533708
-0.777489
-0.298164
-0.200653
-0.484931
-0.245739
-0.052851
-0.192074
-0.445740
-0.204747
-0.569492
-0.110666
0.305348
0.286100
-0.261497
0.205299
-0.225465
-0.409399
-0.581559
0.205440
0.212531
-0.108788
-0.224589
-0.285351
0.491057
1.631026
1.783858
1.684063
1.080172
1.058287
0.675245
-0.323942
1.102648
1.569830
1.457018
1.227459
0.461292
1.512020
0.632227
0.314727
1.126825
0.349585
1.084456
0.945756
1.863383
0.473800
0.076967
0.483339
0.284646
0.067537
0.921116
1.339676
0.668938
0.741600
1.303568
1.230659
0.805519
0.610147
0.187887
0.698537
0.615362
0.203829
0.539035
-0.475298
-0.109508
0.056353
0.069739
0.669629
-0.341715
0.187455
0.481665
0.362369
-0.779054
-0.242924
-0.461683
-0.826492
-0.534757
-0.786885
-0.787533
-0.911763
0.278537
0.588098
0.882120
0.409130
-0.031312
-0.301906
-0.221834
-0.311885
0.436993
0.551921
0.460320
-0.521200
-0.916454
-0.570663
-0.333315
0.081288
0.338975
0.088489
-1.321019
-1.109522
0.059153
-0.419535
-0.646877
0.013158
-0.838686
-1.416132
-1.002466
-0.046922
0.284169
-0.506778
-0.112979
-0.297266
-0.030261
-0.431083
-0.134106
0.652772
0.536175
0.727050
1.124732
1.088226
0.743813
0.086745
0.987566
-1.069976
-0.003192
-0.173086
0.897283
0.298467
0.906455
0.943040
-2.096277
-1.482073
-1.269313
0.496476
1.070503
1.133780
-0.008293
-1.307686
-2.037684
-1.361406
-0.624164
0.805872
0.782225
-0.857519
-1.219875
-2.013943
-0.255255
0.377418
1.932442
-0.210864
-1.360226
-1.080255
-1.449237
-1.276094
0.144879
1.672480
0.028419
0.019567
-0.008930
-0.785530
-0.803984
-0.939319
0.011391
-0.784121
-0.523215
-0.254640
-0.902208
-1.183747
-1.041921
0.150601
-0.102604
-0.833922
-0.834403
-1.344034
-2.159659
-1.063216
-0.027572
-1.178084
0.011408
0.052691
0.573073
-0.649655
-0.067893
-0.603800
-0.174860
0.169648
-0.182797
-0.223554
0.248254
0.058019
-0.271179
0.098878
0.737554
0.286115
-0.247429
-0.317604
0.340518
0.513117
0.356277
-0.511751
-0.059720
-0.377233
-0.419443
0.975370
0.557916
0.744331
-0.283883
-0.046514
0.740719
-0.315468
0.130430
-0.022550
0.608153
-0.045439
-0.829566
0.165547
-0.107592
0.239687
0.517081
-0.824819
-1.404296
-0.339401
-1.488784
-0.810457
-0.960097
-0.173563
0.324533
-0.076399
0.486790
-0.184760
-0.226652
-1.312283
-0.422759
-0.174814
-0.605268
-0.382294
-0.089685
-1.045489
-1.088063
-0.530155
-0.273398
-0.679192
-0.108568
1.309474
-0.566902
-0.432854
-0.546983
-1.134967
-1.031326
-0.186325
1.000767
0.303813
-0.638617
-0.455235
-0.836974
-0.452028
-0.147131
0.069773
-0.119377
-1.706196
-0.986704
-1.097933
-0.358171
-0.024710
-0.345433
0.806131
-0.133997
-0.334972
-0.189097
0.456358
0.199176
0.809935
0.050482
0.499832
-0.152509
0.455154
0.857615
0.091332
1.173050
0.363824
-0.019412
-0.114399
0.589804
0.544383
0.212393
0.828853
0.069364
0.452585
-0.422601
0.231430
0.166929
0.551058
0.966432
0.141626
1.791160
-0.088178
-0.320322
-0.115342
1.126006
1.827302
1.396682
0.734432
-0.104306
-0.605075
-0.645714
-0.419342
-0.381954
-0.681938
-0.504693
0.186316
0.074322
0.620221
0.219048
-0.261422
0.053505
-0.070399
0.428739
0.979637
-0.232918
-0.742906
-0.290617
-1.107720
0.768599
0.512182
0.377247
-0.304210
-0.293383
-0.173250
-0.598413
-0.311808
-0.358205
0.542697
0.658579
1.502470
0.694897
0.446604
-0.658941
0.198167
0.251225
1.241155
1.220461
0.152574
0.198019
-0.773432
0.396654
0.391915
-0.408791
0.442735
0.436556
0.356458
0.235166
0.346376
1.013090
-0.397052
-0.349146
0.262412
-0.113302
-0.518276
-0.652675
1.691664
1.432961
0.062987
0.101327
-0.007903
-0.843390
-0.375942
-0.768012
1.963358
1.207643
1.310086
1.158866
1.466481
0.173293
-1.165204
1.133922
-0.292597
-0.145590
-0.750359
1.457044
0.156448
-0.602394
0.365260
-1.293221
-1.103842
-1.358815
0.058028
0.926565
-0.166205
-0.182224
-0.892148
-0.678043
-0.056115
-0.931886
0.324444
-0.771949
0.554474
-0.289350
0.253322
0.070789
-0.522514
0.432470
-1.516983
0.556092
0.812712
0.448761
0.337521
0.459089
0.714569
-1.011507
-0.636940
0.206876
0.575141
-0.042697
0.029458
0.152745
-0.411564
-0.016627
-0.450130
0.034806
-0.649869
-1.082967
-1.651665
0.379015
0.360919
0.575444
0.020689
-0.108249
-0.250101
0.026779
0.432600
0.604532
1.333997
0.057549
-0.030750
-0.271426
0.060595
0.532553
-0.034457
1.006525
0.351160
0.366493
0.033400
0.189759
0.285540
0.387946
0.670452
0.106168
-0.133763
0.710145
0.436591
0.068431
-0.398415
0.249671
0.735687
0.593129
0.934560
0.536442
-0.273478
-0.375432
-0.193884
-0.324079
-0.054241
0.055402
0.312828
-0.258119
0.199029
0.799298
0.111366
-0.421192
0.006931
0.091143
0.131083
0.555000
0.679551
0.781234
0.307851
0.084686
-0.241473
0.717230
0.410917
0.172361
1.105668
0.522700
0.118564
-0.296272
0.546872
0.071627
-0.419740
-0.253893
0.002283
-0.229654
-0.198235
0.282345
0.840993
0.715944
0.259569
-0.112441
0.143011
-0.181204
0.326100
0.674433
0.269090
-0.180077
-0.174014
-0.443577
-0.206706
0.277362
0.609263
0.457725
-0.378178
0.120002
0.059468
0.000823
0.144151
-0.299245
0.542303
-0.558205
-0.256847
-0.420531
-0.355107
0.857991
0.356678
1.769511
0.698101
0.930059
-0.262008
-0.162713
0.896123
0.047823
0.458296
0.347912
0.910121
-0.059849
0.241827
0.985702
0.385578
0.406560
0.361039
-0.608377
0.366706
0.107928
0.855591
0.361763
0.777712
-0.097609
-1.450908
-1.140278
-0.245222
-0.612624
-1.030959
-0.706780
-0.739058
-0.566382
-1.033878
-0.181324
-0.551789
-0.643050
-0.413461
-0.758190
0.151887
-0.147006
-0.704464
-1.158556
-0.365577
-0.532963
-0.210097
-0.944042
-0.290783
-0.153471
-0.857881
0.009846
-0.271920
0.376641
-0.141055
0.208427
-0.081282
-0.180932
-0.143706
-0.632072
0.332841
-0.349149
0.525034
0.264856
1.017693
0.106900
-0.640535
-2.037322
-1.768600
-1.384223
-0.177039
1.275242
0.689374
-0.010356
-0.891248
-0.805731
-0.090586
-0.031287
1.135762
0.653855
0.350651
-0.119698
-0.458107
0.493363
0.169744
0.481205
0.113624
0.551041
0.454580
0.122144
0.319761
0.078002
1.454570
0.114551
0.273939
-0.012390
0.920947
0.501998
0.969744
0.609138
-0.282063
-0.772975
-0.861896
0.725707
1.002430
1.177936
-0.174540
0.050238
-0.562983
-0.181885
0.237380
0.855605
0.970479
-0.371310
-0.524308
-0.320256
-0.091392
0.451693
1.127058
1.584079
-0.057999
0.724264
1.537388
0.620161
0.602912
0.351857
1.466699
-0.861060
-0.272126
0.296786
0.356282
0.929862
0.217382
0.972023
-0.499629
-0.599554
0.806537
-0.011570
0.398078
0.468390
1.600074
0.880994
0.950602
0.501244
0.429237
0.477375
0.381293
0.494440
0.036841
0.001767
0.121805
-0.839122
-0.117237
1.115498
1.158731
-0.156482
0.505024
1.322883
0.104285
0.190213
0.393905
0.452323
-0.461271
0.659892
0.898210
0.413194
0.482463
0.467294
0.518710
-0.695152
-0.395197
0.079294
0.152818
0.373418
0.268040
0.350416
-0.103093
0.072132
-0.122061
0.221909
0.186209
-0.381301
-0.096531
-0.171363
0.017551
-0.143852
-0.628253
-0.770008
-0.725871
-0.302956
-0.463311
-0.263525
-0.770697
-0.744744
-0.147395
0.262571
-0.217363
-0.419340
0.295895
-0.528782
0.284770
-0.381907
-0.614077
-0.486156
-0.601802
-0.137543
-1.158806
-0.522392
-1.084652
-1.123031
-0.239151
-0.228277
0.269498
-0.322432
-0.422165
-0.214260
-0.206521
0.005199
0.265403
0.092870
-0.106228
0.010189
-0.124424
-0.419412
0.554259
0.275269
-0.013370
-0.506857
-0.214865
-0.198895
-0.301388
0.683692
0.337551
0.196573
0.187051
-0.145939
0.329515
0.407481
0.416782
-0.074873
-0.784016
-0.821086
0.170492
-0.579716
0.147745
0.286080
0.420294
-0.334244
-0.353213
0.231501
-0.278729
-0.178744
-0.402583
0.103091
-0.110535
0.747928
1.846265
0.896093
0.562811
-1.004516
-0.023409
0.015003
-0.120354
0.286235
-0.124245
-0.824307
-0.571444
-0.376600
-0.281902
0.545897
0.005868
-0.478556
0.409765
-0.119498
-0.089272
-0.315533
-0.600440
-0.050110
-0.080531
-0.669619
-0.893112
0.283572
0.703996
-0.377471
-0.914176
-0.528412
-0.561050
-1.317715
0.405786
0.073285
-0.248296
-0.001615
0.079169
-0.689220
0.291589
0.550256
-0.284995
-0.123078
-0.460623
-0.283011
-0.582000
0.480675
0.389965
0.063866
0.322593
0.441859
0.443825
0.176425
0.634739
0.162620
0.065921
-0.214526
0.340459
-0.303745
-0.658311
-0.420485
-0.195453
0.232789
0.382448
0.556490
-0.029656
-0.097165
-0.264650
-0.231205
0.031765
0.127025
0.993654
1.054107
0.450125
0.407088
-0.746500
-0.465244
-0.482507
-0.596349
-0.556464
-0.624654
-0.367779
-0.098017
0.551518
0.408329
0.545195
0.368411
-0.323635
0.496064
-1.417334
0.439303
0.081850
1.015489
0.184749
-0.055319
0.187650
-0.970028
0.679137
-0.432811
0.412337
-0.046774
0.040518
0.263048
-0.901492
0.712520
0.488838
0.888008
0.224548
0.334631
-0.100158
-0.239114
0.344492
-0.085651
-0.352011
-0.345549
-0.046720
-0.307430
-0.489092
0.295690
0.023097
0.393202
0.533703
0.431919
0.693110
-0.595290
-0.249589
0.020774
0.614592
0.404080
0.248615
0.309661
-0.619009
0.503418
0.505186
0.750264
0.514712
0.522470
0.513400
-0.788145
0.312735
0.414360
0.276205
-0.237774
0.059848
0.213136
-0.404331
0.166779
-0.433958
0.257153
-0.524095
-0.276612
-0.260145
-0.055038
-0.380761
-0.723929
-0.295934
-1.033335
0.275834
0.238020
-0.367985
-0.736222
-0.573601
-0.456910
-0.344231
0.053051
0.519189
-0.403699
-0.508756
-0.518296
-0.135223
-0.064403
-0.636562
0.030913
-0.247117
0.119724
-0.125649
-0.374960
0.141576
-0.607331
-0.222759
0.353478
0.033224
-0.115190
-0.149473
1.067637
0.790243
1.227273
0.760922
0.256503
-0.116463
-0.125048
0.422765
0.588798
1.085516
0.659927
0.431262
-0.601673
-0.710061
-0.776022
0.494752
1.457664
0.557397
0.319662
-0.081313
0.147829
0.238325
0.831174
1.604725
0.009078
-0.186820
-0.461480
-0.302833
-0.554100
-0.286689
1.422516
0.248354
-0.284484
-0.400734
-0.015685
-0.131048
-0.004449
0.915309
0.386747
-0.055100
-0.103788
0.239954
0.036578
-0.354911
0.410609
-0.265027
0.220061
-0.015727
-0.507310
0.191920
0.192659
0.278182
-0.351098
0.962602
0.180839
0.517144
0.490733
0.276143
0.351233
0.257588
0.747158
-0.380124
-0.694530
-0.520083
0.139093
0.367576
0.270382
0.157929
0.301489
-0.039018
0.285847
0.251458
0.474316
0.227467
0.036685
0.504579
0.592797
0.327752
0.257119
0.759781
-0.019395
-0.166331
-0.294258
0.046030
-0.017303
-0.152011
0.564227
-0.262489
-0.194231
-0.622096
-0.288325
-0.223663
-0.168167
0.498967
-0.078128
0.067632
0.400953
-0.027735
0.042216
0.032243
0.131008
-0.240240
-0.518170
-0.113801
0.334992
0.372836
-0.383835
-0.134227
0.328405
-1.252494
-1.588963
-0.797030
-0.524025
-1.400668
-0.199414
0.561425
-0.087956
-0.320098
-0.270652
-0.149847
-0.675481
0.151322
0.136821
-0.463725
-0.220068
0.392473
0.824038
0.048623
0.624081
-0.319546
-0.424906
-0.567525
-1.182556
0.008177
-0.458881
0.439061
-0.276897
0.486708
0.292949
0.135649
0.423362
-0.074173
0.321632
