1000,1,1
-1.825636
-1.265743
-2.123487
1.906859
-1.047869
-1.208010
-2.030859
1.269202
0.861462
-0.995297
-4.241169
-4.188519
-2.547258
-1.546865
-3.737067
0.134419
-0.998821
-0.887700
1.105979
-3.335639
-0.830715
-0.522543
-0.508045
-0.864686
-0.840475
-3.790232
-4.081017
-3.435579
-4.202563
-3.008142
-2.434278
-3.766975
-3.204993
-2.300982
-0.148003
-3.241225
-0.638547
-1.092043
-4.068154
0.371366
-2.205663
-0.980071
-4.000924
0.005316
-0.938764
-3.012996
0.487815
-3.989780
-1.613687
-2.303839
-0.318483
2.368043
-3.021763
-4.446583
-1.080040
-2.575314
-2.844967
-4.201746
-2.602813
-2.329640
-1.532232
-2.705826
-2.883452
-4.104623
-4.326203
-3.595471
-1.314690
-3.308222
-2.996115
-0.570087
-2.547093
-1.409081
-0.740146
-2.306604
-1.054702
-3.096461
-0.087052
-1.504519
-1.993361
-0.110642
-3.204592
-3.418909
-2.097986
-1.564746
0.067116
-1.692986
-3.380067
-2.322944
-0.487847
-3.354298
-1.461475
-2.839671
-4.004245
-2.151258
-2.484300
-5.409430
-3.640541
-2.508412
-2.903688
-2.334829
-2.939254
-2.454943
-2.921188
-1.965628
0.865157
-1.644676
2.996016
-4.419838
-1.190727
-4.663308
-5.024782
-1.035468
1.452873
0.677014
0.799123
-2.955069
-3.712867
2.878712
-2.452290
-2.174180
-3.039174
-1.769828
-1.832527
0.213787
0.013554
-1.339228
-1.122255
-3.782795
-2.296884
-2.533204
-1.318712
-0.988109
-0.868998
-0.110985
-1.867112
-1.950438
-2.130814
-2.533800
0.349689
-3.526541
-5.144681
-1.950427
-2.831322
-3.562038
-4.800333
-2.401860
-4.577261
-2.728084
-2.671842
-2.693869
-0.832302
0.727883
-1.175163
-5.637427
-0.937524
-2.736852
-3.066255
-0.400449
0.478893
-0.173393
-3.105747
-2.933069
-1.507404
0.732337
-0.381133
0.089451
-1.728413
-3.211284
0.256247
-2.016444
-2.412880
0.564693
-0.589227
0.230424
3.201977
-3.981984
-2.835277
-0.268649
0.468529
0.370593
0.873003
-2.451191
-0.312376
0.585983
-0.323559
0.650359
2.284423
-0.172734
0.073311
1.217717
-0.510717
0.808272
-0.062152
2.075500
-3.670964
2.533979
2.549582
2.769441
2.839259
2.746615
-1.083370
-0.394735
-0.241743
0.638021
-3.616986
-1.499661
-2.449139
-3.847829
-0.978467
-2.913330
-1.649474
-0.962635
-3.899050
-3.341358
-0.438397
-2.603130
-2.694567
-1.606338
-2.551504
-2.130547
-3.338488
-2.030929
-2.933268
0.705823
2.662941
-0.193656
-2.164632
2.964630
-3.790990
-0.452892
0.181751
0.829811
1.217379
1.242563
2.293538
2.244303
1.058393
2.522668
-1.806367
0.391092
0.180373
0.979798
1.893462
1.185622
-3.342219
2.714148
2.781081
-0.793483
2.722849
2.158032
2.027361
0.875965
0.521810
3.074910
1.294082
-3.184906
-2.535236
-1.820081
-1.805367
-0.830366
-0.507107
0.234185
1.357239
0.434513
1.935946
-2.540426
-3.178320
-3.717368
1.938241
2.407950
1.555608
3.891920
3.879158
3.321784
1.250750
-0.238618
-0.115622
1.557524
4.781946
1.224315
4.112841
9.979063
9.025649
3.217168
5.979018
9.417758
4.269258
7.659312
2.856326
2.476279
4.380169
1.097586
4.427478
0.081303
-3.466744
-1.801158
-4.281059
-2.000253
-0.004993
-1.735186
-4.755569
-1.533211
-4.253818
-0.748873
-1.992839
-4.137880
-0.123731
-3.598199
-1.205057
-0.333503
-4.023486
-0.416768
0.721477
-1.799984
-1.201534
-3.125612
-0.404906
-1.569078
-1.252836
-0.682308
-2.108369
-0.440460
0.701996
-3.125759
0.763245
-1.282357
-1.284868
-0.474184
-1.819974
-0.454264
1.496523
1.484188
2.234891
-0.028919
-4.307827
-0.811571
-3.617299
-0.399697
-0.275750
-1.374291
2.608262
0.965050
0.449752
-1.559458
-0.231434
-0.082806
-2.778045
-0.300014
-0.471682
-1.617560
-0.102691
-1.977189
0.495147
0.822772
-3.687860
-2.533806
-0.620785
0.688892
-1.719323
-0.707212
-0.402388
-0.243548
-0.407494
1.604315
-5.375483
0.366573
0.133869
2.313155
-2.986207
-0.125667
-0.981802
-2.225466
-2.071948
0.659978
-2.222625
-4.299244
-4.092804
-1.750166
-3.109323
-2.282540
-1.090042
-3.549590
-2.966624
-0.968525
-1.364567
-0.612858
-2.149966
-1.670073
-2.981080
0.781984
0.021868
0.635261
-2.071183
-1.018824
2.439353
-0.695265
-2.967840
-0.576915
0.631664
-0.029976
0.902657
0.811577
1.181076
-2.550278
-4.809035
-2.689503
0.199404
-2.450563
-2.095676
2.917431
-1.579692
0.761954
4.746962
1.346377
1.916668
0.318790
1.051073
0.000797
1.331029
2.731070
0.671668
1.614118
1.248727
2.280158
1.915068
0.948657
1.299245
0.981248
2.373594
1.802603
3.199444
0.712788
-1.366588
-1.367841
3.478649
2.355664
-1.660959
-1.250616
1.745423
-1.135838
2.161250
1.095630
-0.670644
1.045146
-1.253981
-0.933175
0.300471
-0.256740
1.154834
-1.963508
-0.930485
-1.536844
2.334927
2.109434
2.449398
3.096872
1.958529
3.655529
-0.742083
3.371324
-1.660109
0.027151
0.840210
3.686597
0.649342
0.753756
-2.036897
2.670746
2.963532
2.659877
1.002382
0.622615
0.836545
1.429011
1.422611
0.963249
-0.382766
0.373795
7.466307
0.888109
1.496906
2.568604
-0.312399
2.670861
-2.543862
0.983723
0.305848
0.437804
0.636858
2.180174
0.684902
1.937075
2.990041
-0.212261
2.419686
0.507079
2.042250
1.779308
0.461072
0.617796
-3.363004
1.017157
0.129548
1.591952
3.064001
-0.081651
2.147802
0.890652
4.238523
0.752582
-1.902817
-3.887353
1.713653
0.623786
0.753474
1.493798
3.278250
1.489060
1.179704
3.857942
2.401899
0.847112
2.410771
2.015625
-0.283899
-2.105226
2.072945
1.968929
1.321230
0.319986
-0.087474
-2.756082
0.867898
-2.278027
2.686591
0.193209
-0.626452
0.489123
-1.243438
4.864924
-2.843455
0.196870
2.263253
4.191048
-1.802921
1.342893
-1.064308
-6.355758
-0.966451
-0.790613
-1.692734
-0.444131
4.821527
2.801746
-4.478911
2.315945
1.972018
0.007296
1.521175
1.430248
0.976362
-1.356424
1.272474
2.819114
0.520203
-1.960686
0.439283
0.874599
0.070972
-0.465273
1.073817
0.578232
2.070059
-2.721363
-1.737005
-2.931338
-0.857056
1.713186
1.261197
1.890106
0.622493
-0.343119
1.308415
2.432688
-3.010896
1.179130
-1.491087
3.909065
4.273942
1.180200
-2.011598
0.874916
1.916909
2.269740
-0.530904
-1.843351
3.229965
-0.373595
-0.549332
-0.467144
1.661399
-1.895050
1.753225
2.571934
2.422199
1.848514
2.608724
3.868192
2.896640
-2.369876
0.524152
1.420126
-0.499261
-2.896825
2.981580
1.213273
-1.077633
1.218724
2.896227
1.066693
3.081178
-0.313719
4.926383
1.668958
0.674656
-3.810493
2.317384
-0.622622
-2.080107
0.147995
1.757923
-0.067482
-0.617082
1.957163
-0.794174
-1.094514
2.071038
4.343342
0.700790
1.005515
-2.953963
0.674554
-1.607723
1.353967
1.502007
-0.897761
1.288514
2.535216
1.642782
-0.072573
-0.161126
0.643377
1.346857
1.275334
-2.629730
-0.664624
-1.777639
1.110107
-1.394647
2.610733
1.042490
-2.312480
-0.930295
-0.177951
2.093660
1.968769
0.109663
0.756576
-2.523134
1.449656
1.183076
-1.218031
0.615817
4.424205
3.628021
-0.314563
2.923585
1.773525
-0.016258
-0.183166
0.402917
2.843200
-1.037301
-0.628402
0.446811
-4.767754
-2.588042
-0.604930
2.747881
-2.651936
-1.339461
0.332229
0.785757
-0.945951
-1.677394
1.354036
0.834779
0.013664
-0.509018
1.501422
3.249079
1.239138
1.881135
1.474632
1.459746
-2.546932
-0.819358
3.011832
0.227213
0.228475
2.235652
2.606377
1.787503
2.874132
0.716756
0.551047
2.057785
-2.959969
0.522640
3.633198
0.900202
2.988441
4.047216
2.181768
-2.721578
4.651231
-0.806112
-1.956604
6.135749
-1.245980
-0.702788
1.190510
-0.359892
0.539508
-2.331877
-1.840970
3.494476
1.306244
0.975611
0.892239
2.472455
1.209387
3.783243
-0.316679
2.640687
-0.407824
-1.125625
4.867693
-0.492302
1.348604
3.026023
-1.149591
1.113150
5.416635
3.047911
0.113963
0.880504
-1.158425
-0.474050
0.649619
3.313735
4.237445
0.213429
4.248256
4.176987
2.968527
-0.075763
0.874968
3.590914
4.024965
2.692029
-1.242778
0.628374
4.199369
0.637563
-0.730745
0.451957
-1.060671
2.636700
-0.532670
-2.878816
-0.667945
2.305918
1.951397
3.390119
-0.886103
2.739113
0.080429
2.097308
0.989241
0.356368
2.079717
0.546356
-0.390150
3.044859
-0.963778
-1.020596
3.385189
0.609827
3.796858
0.297738
-0.668930
-1.915033
-1.413794
0.133683
3.495666
0.760379
-3.276599
0.281194
2.937862
-0.434255
4.320879
-3.146803
1.100783
-4.103496
-0.395203
-1.956146
-2.520650
1.616076
1.131619
-3.785321
-1.249711
-0.472619
-1.089651
1.798085
-0.884352
-2.314448
0.595844
2.082165
0.319725
2.094732
1.831233
-0.308225
-3.251354
1.749712
3.068050
1.615636
1.290474
1.169060
0.787075
3.955617
4.207018
0.581858
1.380185
0.197072
3.998484
2.219281
-1.820401
-1.565747
0.203886
1.232741
1.930441
4.748207
0.248434
0.255176
2.241602
-3.745164
0.465415
1.208986
-0.471181
1.394572
2.669747
0.320402
2.087642
-1.807475
1.568149
-2.047448
0.294536
2.622359
0.073638
0.461733
-1.426057
0.325506
1.316895
-2.621901
0.454355
4.509624
-0.199752
1.940352
3.020651
1.274762
2.423494
2.235135
2.879194
0.878541
2.011122
-0.246565
-0.203940
-0.941679
1.392586
-0.217281
-2.237906
2.172065
-0.666757
0.836933
-0.696141
4.523870
4.033769
3.089756
3.111007
1.674731
0.180883
-1.196695
2.287618
4.841856
1.719460
-0.725340
3.517459
-3.084835
2.733899
1.344243
-0.347588
2.553941
-2.432917
-2.991459
-2.711149
1.159626
1.659971
4.332594
0.333001
-0.559477
2.280563
1.109378
-0.946824
0.988965
-1.561669
-1.499710
-1.184090
1.022283
2.352670
-1.589806
-0.246916
-0.529127
0.005440
-0.129964
-0.597611
1.854510
1.523356
0.395089
1.501723
-0.313412
-2.005817
2.289318
1.204521
1.384352
1.519167
0.374835
-2.230997
2.409847
1.733679
2.079887
1.911650
2.618383
1.781423
2.149715
1.355692
-0.284894
3.564647
2.760971
-2.497518
1.487402
0.616525
-2.982741
-1.098455
-1.123237
-0.771017
2.503294
0.520446
2.453065
1.928721
-2.126138
3.495001
-4.616303
-3.170479
-4.223457
-1.118126
-2.616943
0.158492
1.221813
-2.695116
-2.690463
-0.313145
0.610331
-2.177923
1.274920
0.110917
-0.906482
2.890752
1.940596
1.250178
2.444229
-3.700604
-4.605994
-4.992277
-4.992409
-2.057585
-3.520116
-5.948775
2.369062
2.529466
